 System Cu-Si-Al-Mg                                                          L F
   15    0    0    0
 Al#LIQUID
    3
  11005.4513      40.1619753
  700.000000      24.3671976     0.376932400E-02 0.526598400E-05 -148184.000
 1 -.333484200E-17   6.00
  933.600000      38.5844296     -.370639640E-01 0.345853620E-04 -148184.000
 1 -.333484200E-17   6.00
  2900.00000      31.7481920         0.000000000     0.000000000     0.000000000
 1     0.000000000   0.00
 Cu#LIQUID
    2
  12964.8490      42.6601060
  1358.01000      24.1123920     0.531368000E-02 -.775338000E-06 -104956.000
 1 0.245251440E-18   6.00
  3200.00000      31.3800000         0.000000000     0.000000000     0.000000000
 1     0.000000000   0.00
 Mg#LIQUID
    3
  8202.34119      41.5059969
  923.000000      26.1849782     -.971600000E-03 0.836201400E-05 -157900.000
 1 0.336738780E-17   6.00
  3000.00000      34.3088000         0.000000000     0.000000000     0.000000000
 1 -.180000000E+25 -10.00
  3000.00001      34.3088000         0.000000000     0.000000000     0.000000000
 1     0.000000000   0.00
 Si#LIQUID
    4
  50696.3965      48.9094209
  1687.00000      22.8317533     0.382580800E-02 0.213120000E-07 -353334.000
 1 -.879089400E-19   6.00
  3600.00000      27.1960000         0.000000000     0.000000000     0.000000000
 1     0.000000000   0.00
  6000.00000         0.000000000     0.000000000     0.000000000     0.000000000
 1 -.378332100E+33 -10.00
  6000.00001     -.625692122E-05     0.000000000     0.000000000     0.000000000
 1     0.000000000   0.00
 Al#HSER
    4
 -.194336861E-02  28.3214927
  700.000000      24.3671976     0.376932400E-02 0.526598400E-05 -148184.000
 1     0.000000000   0.00
  933.600000      38.5844296     -.370639640E-01 0.345853620E-04 -148184.000
 1     0.000000000   0.00
  2900.00000      31.7481920         0.000000000     0.000000000     0.000000000
 1 0.111083760E+31 -10.00
  2900.00001      31.7482184         0.000000000     0.000000000     0.000000000
 1     0.000000000   0.00
 Cu#HSER
    3
 0.168168832E-02  33.1498343
  1358.01000      24.1123920     0.531368000E-02 -.775338000E-06 -104956.000
 1     0.000000000   0.00
  3200.00000      31.3800000         0.000000000     0.000000000     0.000000000
 1 -.328178700E+32 -10.00
  3200.00001      31.3797085         0.000000000     0.000000000     0.000000000
 1     0.000000000   0.00
 #bT
    1
     0.000000000 -1.00000000
  6000.00000         0.000000000     0.000000000     0.000000000     0.000000000
 1     0.000000000   0.00
 #a
    1
  1.00000000         0.000000000
  6000.00000         0.000000000     0.000000000     0.000000000     0.000000000
 1     0.000000000   0.00
 Mg#HSER
    3
     0.000000000  32.6686727
  923.000000      26.1849782     -.971600000E-03 0.836201400E-05 -157900.000
 1     0.000000000   0.00
  3000.00000      34.3088000         0.000000000     0.000000000     0.000000000
 1 -.934372800E+30 -10.00
  6000.00000      34.3087842         0.000000000     0.000000000     0.000000000
 1     0.000000000   0.00
 Si#HSER
    3
     0.000000000  18.8100312
  1687.00000      22.8317533     0.382580800E-02 0.213120000E-07 -353334.000
 1     0.000000000   0.00
  3600.00000      27.1960000         0.000000000     0.000000000     0.000000000
 1 0.378332100E+33 -10.00
  6000.00000      27.1970348         0.000000000     0.000000000     0.000000000
 1     0.000000000   0.00
 Al#HCP_A3
    4
  5480.99806      30.1214927
  700.000000      24.3671976     0.376932400E-02 0.526598400E-05 -148184.000
 1     0.000000000   0.00
  933.600000      38.5844296     -.370639640E-01 0.345853620E-04 -148184.000
 1     0.000000000   0.00
  2900.00000      31.7481920         0.000000000     0.000000000     0.000000000
 1 0.111083760E+31 -10.00
  2900.00001      31.7482184         0.000000000     0.000000000     0.000000000
 1     0.000000000   0.00
 Al#BCC_A2
    4
  10082.9981      33.1344927
  700.000000      24.3671976     0.376932400E-02 0.526598400E-05 -148184.000
 1     0.000000000   0.00
  933.600000      38.5844296     -.370639640E-01 0.345853620E-04 -148184.000
 1     0.000000000   0.00
  2900.00000      31.7481920         0.000000000     0.000000000     0.000000000
 1 0.111083760E+31 -10.00
  2900.00001      31.7482184         0.000000000     0.000000000     0.000000000
 1     0.000000000   0.00
 Cu#BCC_A2
    3
  4017.00168      34.4048343
  1358.01000      24.1123920     0.531368000E-02 -.775338000E-06 -104956.000
 1     0.000000000   0.00
  3200.00000      31.3800000         0.000000000     0.000000000     0.000000000
 1 -.328178700E+32 -10.00
  3200.00001      31.3797085         0.000000000     0.000000000     0.000000000
 1     0.000000000   0.00
 Si#BCC_A2
    3
  46999.9992      41.3100312
  1687.00000      22.8317533     0.382580800E-02 0.213120000E-07 -353334.000
 1     0.000000000   0.00
  3600.00000      27.1960000         0.000000000     0.000000000     0.000000000
 1 0.378332100E+33 -10.00
  3600.00001      27.1970348         0.000000000     0.000000000     0.000000000
 1     0.000000000   0.00
 Cu#BCT_A5
    3
  4184.00168      33.1498343
  1358.01000      24.1123920     0.531368000E-02 -.775338000E-06 -104956.000
 1     0.000000000   0.00
  3200.00000      31.3800000         0.000000000     0.000000000     0.000000000
 1 -.328178700E+32 -10.00
  3200.00001      31.3797085         0.000000000     0.000000000     0.000000000
 1     0.000000000   0.00
    4   41    0    4    4    4    4    4    4    4    2    2    2    2    3    3
    3    3    2    2    3    3    2    2    3    3    3    2    2    2    2    2
    2    2    2    4    4    2    2    2    2    2    2   25
 Cu                       Si                       Al
 Mg
    63.54600000              28.08550000              26.98153860
    24.30500000
   6   1   2   3   4   5   6
   6   1   2   3   4   5   6
 LIQUID
 SUBL
 Al                              0.000000    0.000000
  10  3           0.00000    0.00000    1.00000    0.00000
   1   0
    6  435  437  1.00000000
 Al#LIQUID
 Cu                              0.000000    0.000000
  10  2           1.00000    0.00000    0.00000    0.00000
   1   0
   13  453  454  1.00000000
 Cu#LIQUID
 Mg                              0.000000    0.000000
  10  3           0.00000    0.00000    0.00000    1.00000
   1   0
    2  424  425  1.00000000
 Mg#LIQUID
 Si                              0.000000    0.000000
  10  4           0.00000    1.00000    0.00000    0.00000
   1   0
    9  443  445  1.00000000
 Si#LIQUID
   1
  1.00000
   4
 Al                       Cu                       Mg
 Si
   1   2   3   4
   2
   1   2   3
 -66622.0000      8.10000000         0.000000000     0.000000000     0.000000000
     0.000000000
  46800.0000     -90.8000000      10.0000000         0.000000000     0.000000000
     0.000000000
 -2812.00000         0.000000000     0.000000000     0.000000000     0.000000000
     0.000000000
   3
   1   2   3   3
 -16509.7900      20.0000000         0.000000000     0.000000000     0.000000000
     0.000000000
 -81940.7500      20.0000000         0.000000000     0.000000000     0.000000000
     0.000000000
 -33212.4000      20.0000000         0.000000000     0.000000000     0.000000000
     0.000000000
   3
   1   2   4   3
  31500.0000         0.000000000     0.000000000     0.000000000     0.000000000
     0.000000000
  39800.0000         0.000000000     0.000000000     0.000000000     0.000000000
     0.000000000
     0.000000000     0.000000000     0.000000000     0.000000000     0.000000000
     0.000000000
   2
   1   3   1
 -11200.0000      9.57800000         0.000000000     0.000000000     0.000000000
     0.000000000
   3
   1   3   4   3
  20000.0000     -6.00000000         0.000000000     0.000000000     0.000000000
     0.000000000
  8000.00000         0.000000000     0.000000000     0.000000000     0.000000000
     0.000000000
 -49000.0000      6.00000000         0.000000000     0.000000000     0.000000000
     0.000000000
   2
   1   4   3
 -16914.2400      3.39858600         0.000000000     0.000000000     0.000000000
     0.000000000
  1448.22000         0.000000000     0.000000000     0.000000000     0.000000000
     0.000000000
     0.000000000     0.000000000     0.000000000     0.000000000     0.000000000
     0.000000000
   2
   2   3   2
 -35864.5000      2.84952000         0.000000000     0.000000000     0.000000000
     0.000000000
 -7090.90000         0.000000000     0.000000000     0.000000000     0.000000000
     0.000000000
   3
   2   3   4   3
 -13243.7400         0.000000000     0.000000000     0.000000000     0.000000000
     0.000000000
 -65000.0000         0.000000000     0.000000000     0.000000000     0.000000000
     0.000000000
 -30000.0000         0.000000000     0.000000000     0.000000000     0.000000000
     0.000000000
   2
   2   4   3
 -38763.5120      12.0000000         0.000000000     0.000000000     0.000000000
     0.000000000
 -52431.1820      27.4571000         0.000000000     0.000000000     0.000000000
     0.000000000
 -29426.5110      14.7750000         0.000000000     0.000000000     0.000000000
     0.000000000
   2
   3   4   3
 -73623.6000      27.3211330         0.000000000     0.000000000     0.000000000
     0.000000000
 -30000.0000      21.4381540         0.000000000     0.000000000     0.000000000
     0.000000000
  44417.4000     -28.3754940         0.000000000     0.000000000     0.000000000
     0.000000000
   0
 FCC_A1
 SUBLM
 0.333333     0.280000
 AlVa                            0.000000    0.000000
  22  4           0.00000    0.00000    1.00000    0.00000
   1   0
    5  432  434  1.00000000
 Al#HSER
     0.000000     0.000000
 CuVa                            0.000000    0.000000
  22  3           1.00000    0.00000    0.00000    0.00000
   1   0
   12  450  452  1.00000000
 Cu#HSER
     0.000000     0.000000
 MgVa                            0.000000    0.000000
  22  3           0.00000    0.00000    0.00000    1.00000
   3   0
   15  456  456 -.900000000
 #bT
   14  455  455  2600.00000
 #a
    1  421  423  1.00000000
 Mg#HSER
     0.000000     0.000000
 SiVa                            0.000000    0.000000
  22  3           0.00000    1.00000    0.00000    0.00000
   3   0
   14  455  455  51000.0000
 #a
   15  456  456 -21.8000000
 #bT
    8  440  442  1.00000000
 Si#HSER
     0.000000     0.000000
   2
  1.00000      1.00000
   4   1
 Al                       Cu                       Mg
 Si
 Va
   1   2   3   4
   1   1   1   1
   0
   4
   1   2   3   5   3
  10000.0000         0.000000000     0.000000000     0.000000000     0.000000000
     0.000000000
  10000.0000         0.000000000     0.000000000     0.000000000     0.000000000
     0.000000000
  10000.0000         0.000000000     0.000000000     0.000000000     0.000000000
     0.000000000
   4
   1   2   4   5   3
  30000.0000         0.000000000     0.000000000     0.000000000     0.000000000
     0.000000000
  80000.0000         0.000000000     0.000000000     0.000000000     0.000000000
     0.000000000
     0.000000000     0.000000000     0.000000000     0.000000000     0.000000000
     0.000000000
   3
   1   2   5   3
 -47441.0000     -3.00000000         0.000000000     0.000000000     0.000000000
     0.000000000
  47597.0000     -11.5000000         0.000000000     0.000000000     0.000000000
     0.000000000
 -2590.00000         0.000000000     0.000000000     0.000000000     0.000000000
     0.000000000
   3
   1   3   5   2
  4945.70000     -1.31800000         0.000000000     0.000000000     0.000000000
     0.000000000
  1594.40000     -.973000000         0.000000000     0.000000000     0.000000000
     0.000000000
   3
   1   4   5   1
 -2880.18427     -.900000000E-01     0.000000000     0.000000000     0.000000000
     0.000000000
   4
   2   3   4   5   3
 -15839.7210     -12.0000000         0.000000000     0.000000000     0.000000000
     0.000000000
     0.000000000     0.000000000     0.000000000     0.000000000     0.000000000
     0.000000000
     0.000000000     0.000000000     0.000000000     0.000000000     0.000000000
     0.000000000
   3
   2   3   5   1
 -15908.5000     -1.50875000         0.000000000     0.000000000     0.000000000
     0.000000000
   3
   2   4   5   3
 -42203.5070      13.8913740         0.000000000     0.000000000     0.000000000
     0.000000000
 -1102.15690     -18.1779120         0.000000000     0.000000000     0.000000000
     0.000000000
     0.000000000     0.000000000     0.000000000     0.000000000     0.000000000
     0.000000000
   0
 FCC_A1
 SUBLM
 0.333333     0.280000
 AlVa                            0.000000    0.000000
  22  4           0.00000    0.00000    1.00000    0.00000
   1   0
    5  432  434  1.00000000
 Al#HSER
     0.000000     0.000000
 CuVa                            0.000000    0.000000
  22  3           1.00000    0.00000    0.00000    0.00000
   1   0
   12  450  452  1.00000000
 Cu#HSER
     0.000000     0.000000
 MgVa                            0.000000    0.000000
  22  3           0.00000    0.00000    0.00000    1.00000
   3   0
   15  456  456 -.900000000
 #bT
   14  455  455  2600.00000
 #a
    1  421  423  1.00000000
 Mg#HSER
     0.000000     0.000000
 SiVa                            0.000000    0.000000
  22  3           0.00000    1.00000    0.00000    0.00000
   3   0
   14  455  455  51000.0000
 #a
   15  456  456 -21.8000000
 #bT
    8  440  442  1.00000000
 Si#HSER
     0.000000     0.000000
   2
  1.00000      1.00000
   4   1
 Al                       Cu                       Mg
 Si
 Va
   1   2   3   4
   1   1   1   1
   0
   4
   1   2   3   5   3
  10000.0000         0.000000000     0.000000000     0.000000000     0.000000000
     0.000000000
  10000.0000         0.000000000     0.000000000     0.000000000     0.000000000
     0.000000000
  10000.0000         0.000000000     0.000000000     0.000000000     0.000000000
     0.000000000
   4
   1   2   4   5   3
  30000.0000         0.000000000     0.000000000     0.000000000     0.000000000
     0.000000000
  80000.0000         0.000000000     0.000000000     0.000000000     0.000000000
     0.000000000
     0.000000000     0.000000000     0.000000000     0.000000000     0.000000000
     0.000000000
   3
   1   2   5   3
 -47441.0000     -3.00000000         0.000000000     0.000000000     0.000000000
     0.000000000
  47597.0000     -11.5000000         0.000000000     0.000000000     0.000000000
     0.000000000
 -2590.00000         0.000000000     0.000000000     0.000000000     0.000000000
     0.000000000
   3
   1   3   5   2
  4945.70000     -1.31800000         0.000000000     0.000000000     0.000000000
     0.000000000
  1594.40000     -.973000000         0.000000000     0.000000000     0.000000000
     0.000000000
   3
   1   4   5   1
 -2880.18427     -.900000000E-01     0.000000000     0.000000000     0.000000000
     0.000000000
   4
   2   3   4   5   3
 -15839.7210     -12.0000000         0.000000000     0.000000000     0.000000000
     0.000000000
     0.000000000     0.000000000     0.000000000     0.000000000     0.000000000
     0.000000000
     0.000000000     0.000000000     0.000000000     0.000000000     0.000000000
     0.000000000
   3
   2   3   5   1
 -15908.5000     -1.50875000         0.000000000     0.000000000     0.000000000
     0.000000000
   3
   2   4   5   3
 -42203.5070      13.8913740         0.000000000     0.000000000     0.000000000
     0.000000000
 -1102.15690     -18.1779120         0.000000000     0.000000000     0.000000000
     0.000000000
     0.000000000     0.000000000     0.000000000     0.000000000     0.000000000
     0.000000000
   0
 HCP_A3
 SUBLM
 0.333333     0.280000
 AlVa                            0.000000    0.000000
  22  4           0.00000    0.00000    1.00000    0.00000
   1   0
    4  429  431  1.00000000
 Al#HCP_A3
     0.000000     0.000000
 CuVa                            0.000000    0.000000
  22  3           1.00000    0.00000    0.00000    0.00000
   3   0
   12  450  452  1.00000000
 Cu#HSER
   14  455  455  600.000000
 #a
   15  456  456 0.200000000
 #bT
     0.000000     0.000000
 MgVa                            0.000000    0.000000
  22  3           0.00000    0.00000    0.00000    1.00000
   1   0
    1  421  423  1.00000000
 Mg#HSER
     0.000000     0.000000
 SiVa                            0.000000    0.000000
  22  3           0.00000    1.00000    0.00000    0.00000
   3   0
   15  456  456 -20.8000000
 #bT
   14  455  455  49200.0000
 #a
    8  440  442  1.00000000
 Si#HSER
     0.000000     0.000000
   2
  1.00000     0.500000
   4   1
 Al                       Cu                       Mg
 Si
 Va
   1   2   3   4
   1   1   1   1
   0
   4
   1   2   4   5   3
 -981000.000         0.000000000     0.000000000     0.000000000     0.000000000
     0.000000000
 -15600.0000      13.0000000         0.000000000     0.000000000     0.000000000
     0.000000000
     0.000000000     0.000000000     0.000000000     0.000000000     0.000000000
     0.000000000
   3
   1   2   5   2
 -31700.0000      8.00000000         0.000000000     0.000000000     0.000000000
     0.000000000
  78000.0000         0.000000000     0.000000000     0.000000000     0.000000000
     0.000000000
   3
   1   3   5   2
  4063.40000     -3.24300000         0.000000000     0.000000000     0.000000000
     0.000000000
 -1642.10000         0.000000000     0.000000000     0.000000000     0.000000000
     0.000000000
   3
   1   4   5   1
  65000.0000         0.000000000     0.000000000     0.000000000     0.000000000
     0.000000000
   4
   2   3   4   5   3
 -305000.000      30.0000000         0.000000000     0.000000000     0.000000000
     0.000000000
     0.000000000     0.000000000     0.000000000     0.000000000     0.000000000
     0.000000000
     0.000000000     0.000000000     0.000000000     0.000000000     0.000000000
     0.000000000
   3
   2   3   5   1
  10000.0000         0.000000000     0.000000000     0.000000000     0.000000000
     0.000000000
   3
   2   4   5   3
 -26798.8110     -.731520000         0.000000000     0.000000000     0.000000000
     0.000000000
 -28064.7500     -.288900000E-01     0.000000000     0.000000000     0.000000000
     0.000000000
     0.000000000     0.000000000     0.000000000     0.000000000     0.000000000
     0.000000000
   3
   3   4   5   1
 -7148.79000     0.893610000         0.000000000     0.000000000     0.000000000
     0.000000000
   0
 HCP_A3
 SUBLM
 0.333333     0.280000
 AlVa                            0.000000    0.000000
  22  4           0.00000    0.00000    1.00000    0.00000
   1   0
    4  429  431  1.00000000
 Al#HCP_A3
     0.000000     0.000000
 CuVa                            0.000000    0.000000
  22  3           1.00000    0.00000    0.00000    0.00000
   3   0
   12  450  452  1.00000000
 Cu#HSER
   14  455  455  600.000000
 #a
   15  456  456 0.200000000
 #bT
     0.000000     0.000000
 MgVa                            0.000000    0.000000
  22  3           0.00000    0.00000    0.00000    1.00000
   1   0
    1  421  423  1.00000000
 Mg#HSER
     0.000000     0.000000
 SiVa                            0.000000    0.000000
  22  3           0.00000    1.00000    0.00000    0.00000
   3   0
   15  456  456 -20.8000000
 #bT
   14  455  455  49200.0000
 #a
    8  440  442  1.00000000
 Si#HSER
     0.000000     0.000000
   2
  1.00000     0.500000
   4   1
 Al                       Cu                       Mg
 Si
 Va
   1   2   3   4
   1   1   1   1
   0
   4
   1   2   4   5   3
 -981000.000         0.000000000     0.000000000     0.000000000     0.000000000
     0.000000000
 -15600.0000      13.0000000         0.000000000     0.000000000     0.000000000
     0.000000000
     0.000000000     0.000000000     0.000000000     0.000000000     0.000000000
     0.000000000
   3
   1   2   5   2
 -31700.0000      8.00000000         0.000000000     0.000000000     0.000000000
     0.000000000
  78000.0000         0.000000000     0.000000000     0.000000000     0.000000000
     0.000000000
   3
   1   3   5   2
  4063.40000     -3.24300000         0.000000000     0.000000000     0.000000000
     0.000000000
 -1642.10000         0.000000000     0.000000000     0.000000000     0.000000000
     0.000000000
   3
   1   4   5   1
  65000.0000         0.000000000     0.000000000     0.000000000     0.000000000
     0.000000000
   4
   2   3   4   5   3
 -305000.000      30.0000000         0.000000000     0.000000000     0.000000000
     0.000000000
     0.000000000     0.000000000     0.000000000     0.000000000     0.000000000
     0.000000000
     0.000000000     0.000000000     0.000000000     0.000000000     0.000000000
     0.000000000
   3
   2   3   5   1
  10000.0000         0.000000000     0.000000000     0.000000000     0.000000000
     0.000000000
   3
   2   4   5   3
 -26798.8110     -.731520000         0.000000000     0.000000000     0.000000000
     0.000000000
 -28064.7500     -.288900000E-01     0.000000000     0.000000000     0.000000000
     0.000000000
     0.000000000     0.000000000     0.000000000     0.000000000     0.000000000
     0.000000000
   3
   3   4   5   1
 -7148.79000     0.893610000         0.000000000     0.000000000     0.000000000
     0.000000000
   0
 BCC_A2
 SUBLM
  1.00000     0.400000
 AlVa                            0.000000    0.000000
  22  4           0.00000    0.00000    1.00000    0.00000
   1   0
    3  426  428  1.00000000
 Al#BCC_A2
     0.000000     0.000000
 CuVa                            0.000000    0.000000
  22  3           1.00000    0.00000    0.00000    0.00000
   1   0
   10  446  447  1.00000000
 Cu#BCC_A2
     0.000000     0.000000
 MgVa                            0.000000    0.000000
  22  3           0.00000    0.00000    0.00000    1.00000
   3   0
   15  456  456 -2.10000000
 #bT
    1  421  423  1.00000000
 Mg#HSER
   14  455  455  3100.00000
 #a
     0.000000     0.000000
 SiVa                            0.000000    0.000000
  22  3           0.00000    1.00000    0.00000    0.00000
   1   0
    7  438  439  1.00000000
 Si#BCC_A2
     0.000000     0.000000
   2
  1.00000      3.00000
   4   1
 Al                       Cu                       Mg
 Si
 Va
   1   2   3   4
   1   1   1   1
   0
   4
   1   2   4   5   3
     0.000000000     0.000000000     0.000000000     0.000000000     0.000000000
     0.000000000
  30000.0000         0.000000000     0.000000000     0.000000000     0.000000000
     0.000000000
     0.000000000     0.000000000     0.000000000     0.000000000     0.000000000
     0.000000000
   3
   1   2   5   2
 -73554.0000      4.00000000         0.000000000     0.000000000     0.000000000
     0.000000000
  51500.0000     -11.8400000         0.000000000     0.000000000     0.000000000
     0.000000000
   3
   1   4   5   1
  50000.0000         0.000000000     0.000000000     0.000000000     0.000000000
     0.000000000
   3
   2   4   5   3
 -26447.3170      10.2162320         0.000000000     0.000000000     0.000000000
     0.000000000
 -47275.1100     -8.51732300         0.000000000     0.000000000     0.000000000
     0.000000000
     0.000000000     0.000000000     0.000000000     0.000000000     0.000000000
     0.000000000
   0
 BCC_A2
 SUBLM
  1.00000     0.400000
 AlVa                            0.000000    0.000000
  22  4           0.00000    0.00000    1.00000    0.00000
   1   0
    3  426  428  1.00000000
 Al#BCC_A2
     0.000000     0.000000
 CuVa                            0.000000    0.000000
  22  3           1.00000    0.00000    0.00000    0.00000
   1   0
   10  446  447  1.00000000
 Cu#BCC_A2
     0.000000     0.000000
 MgVa                            0.000000    0.000000
  22  3           0.00000    0.00000    0.00000    1.00000
   3   0
   15  456  456 -2.10000000
 #bT
    1  421  423  1.00000000
 Mg#HSER
   14  455  455  3100.00000
 #a
     0.000000     0.000000
 SiVa                            0.000000    0.000000
  22  3           0.00000    1.00000    0.00000    0.00000
   1   0
    7  438  439  1.00000000
 Si#BCC_A2
     0.000000     0.000000
   2
  1.00000      3.00000
   4   1
 Al                       Cu                       Mg
 Si
 Va
   1   2   3   4
   1   1   1   1
   0
   4
   1   2   4   5   3
     0.000000000     0.000000000     0.000000000     0.000000000     0.000000000
     0.000000000
  30000.0000         0.000000000     0.000000000     0.000000000     0.000000000
     0.000000000
     0.000000000     0.000000000     0.000000000     0.000000000     0.000000000
     0.000000000
   3
   1   2   5   2
 -73554.0000      4.00000000         0.000000000     0.000000000     0.000000000
     0.000000000
  51500.0000     -11.8400000         0.000000000     0.000000000     0.000000000
     0.000000000
   3
   1   4   5   1
  50000.0000         0.000000000     0.000000000     0.000000000     0.000000000
     0.000000000
   3
   2   4   5   3
 -26447.3170      10.2162320         0.000000000     0.000000000     0.000000000
     0.000000000
 -47275.1100     -8.51732300         0.000000000     0.000000000     0.000000000
     0.000000000
     0.000000000     0.000000000     0.000000000     0.000000000     0.000000000
     0.000000000
   0
 BCT_A5
 SUBL
 Al                              0.000000    0.000000
  10  4           0.00000    0.00000    1.00000    0.00000
   3   0
   14  455  455  10083.0000
 #a
    5  432  434  1.00000000
 Al#HSER
   15  456  456 -4.81300000
 #bT
 Cu                              0.000000    0.000000
  10  3           1.00000    0.00000    0.00000    0.00000
   1   0
   11  448  449  1.00000000
 Cu#BCT_A5
   1
  1.00000
   2
 Al                       Cu
   1   2
   0
 BCT_A5
 SUBL
 Al                              0.000000    0.000000
  10  4           0.00000    0.00000    1.00000    0.00000
   3   0
   14  455  455  10083.0000
 #a
    5  432  434  1.00000000
 Al#HSER
   15  456  456 -4.81300000
 #bT
 Cu                              0.000000    0.000000
  10  3           1.00000    0.00000    0.00000    0.00000
   1   0
   11  448  449  1.00000000
 Cu#BCT_A5
   1
  1.00000
   2
 Al                       Cu
   1   2
   0
 DIAMOND_A4
 SUBL
 Al                              0.000000    0.000000
  10  4           0.00000    0.00000    1.00000    0.00000
   2   0
    5  432  434  1.00000000
 Al#HSER
   15  456  456  30.0000000
 #bT
 Si                              0.000000    0.000000
  10  3           0.00000    1.00000    0.00000    0.00000
   1   0
    8  440  442  1.00000000
 Si#HSER
   1
  1.00000
   2
 Al                       Si
   1   2
   2
   1   2   1
  90032.5400     -35.0000000         0.000000000     0.000000000     0.000000000
     0.000000000
   0
 DIAMOND_A4
 SUBL
 Al                              0.000000    0.000000
  10  4           0.00000    0.00000    1.00000    0.00000
   2   0
    5  432  434  1.00000000
 Al#HSER
   15  456  456  30.0000000
 #bT
 Si                              0.000000    0.000000
  10  3           0.00000    1.00000    0.00000    0.00000
   1   0
    8  440  442  1.00000000
 Si#HSER
   1
  1.00000
   2
 Al                       Si
   1   2
   2
   1   2   1
  90032.5400     -35.0000000         0.000000000     0.000000000     0.000000000
     0.000000000
   0
 CBCC_A12
 SUBLM
 0.333333     0.280000
 AlVa                            0.000000    0.000000
  22  4           0.00000    0.00000    1.00000    0.00000
   3   0
   14  455  455  10083.0000
 #a
    5  432  434  1.00000000
 Al#HSER
   15  456  456 -4.81300000
 #bT
     0.000000     0.000000
 MgVa                            0.000000    0.000000
  22  3           0.00000    0.00000    0.00000    1.00000
   3   0
   15  456  456 -3.01100000
 #bT
    1  421  423  1.00000000
 Mg#HSER
   14  455  455  4602.40000
 #a
     0.000000     0.000000
 SiVa                            0.000000    0.000000
  22  3           0.00000    1.00000    0.00000    0.00000
   3   0
   14  455  455  50208.0000
 #a
    8  440  442  1.00000000
 Si#HSER
   15  456  456 -20.3770000
 #bT
     0.000000     0.000000
   2
  1.00000      1.00000
   3   1
 Al                       Mg                       Si
 Va
   1   2   3
   1   1   1
   0
   0
 CBCC_A12
 SUBLM
 0.333333     0.280000
 AlVa                            0.000000    0.000000
  22  4           0.00000    0.00000    1.00000    0.00000
   3   0
   14  455  455  10083.0000
 #a
    5  432  434  1.00000000
 Al#HSER
   15  456  456 -4.81300000
 #bT
     0.000000     0.000000
 MgVa                            0.000000    0.000000
  22  3           0.00000    0.00000    0.00000    1.00000
   3   0
   15  456  456 -3.01100000
 #bT
    1  421  423  1.00000000
 Mg#HSER
   14  455  455  4602.40000
 #a
     0.000000     0.000000
 SiVa                            0.000000    0.000000
  22  3           0.00000    1.00000    0.00000    0.00000
   3   0
   14  455  455  50208.0000
 #a
    8  440  442  1.00000000
 Si#HSER
   15  456  456 -20.3770000
 #bT
     0.000000     0.000000
   2
  1.00000      1.00000
   3   1
 Al                       Mg                       Si
 Va
   1   2   3
   1   1   1
   0
   0
 CUB_A13
 SUBL
 AlVa                            0.000000    0.000000
  10  4           0.00000    0.00000    1.00000    0.00000
   3   0
   15  456  456 -4.81160000
 #bT
    5  432  434  1.00000000
 Al#HSER
   14  455  455  10920.4400
 #a
 MgVa                            0.000000    0.000000
  10  3           0.00000    0.00000    0.00000    1.00000
   3   0
   15  456  456 -3.00000000
 #bT
   14  455  455  5000.00000
 #a
    1  421  423  1.00000000
 Mg#HSER
 SiVa                            0.000000    0.000000
  10  3           0.00000    1.00000    0.00000    0.00000
   3   0
    8  440  442  1.00000000
 Si#HSER
   14  455  455  47279.0000
 #a
   15  456  456 -20.3770000
 #bT
   2
  1.00000      1.00000
   3   1
 Al                       Mg                       Si
 Va
   1   2   3
   1   1   1
   0
 CUB_A13
 SUBL
 AlVa                            0.000000    0.000000
  10  4           0.00000    0.00000    1.00000    0.00000
   3   0
   15  456  456 -4.81160000
 #bT
    5  432  434  1.00000000
 Al#HSER
   14  455  455  10920.4400
 #a
 MgVa                            0.000000    0.000000
  10  3           0.00000    0.00000    0.00000    1.00000
   3   0
   15  456  456 -3.00000000
 #bT
   14  455  455  5000.00000
 #a
    1  421  423  1.00000000
 Mg#HSER
 SiVa                            0.000000    0.000000
  10  3           0.00000    1.00000    0.00000    0.00000
   3   0
    8  440  442  1.00000000
 Si#HSER
   14  455  455  47279.0000
 #a
   15  456  456 -20.3770000
 #bT
   2
  1.00000      1.00000
   3   1
 Al                       Mg                       Si
 Va
   1   2   3
   1   1   1
   0
 EPS
 SUBL
 AlVa                            0.000000    0.000000
  10  4           0.00000    0.00000    1.00000    0.00000
   3   0
   14  455  455  5481.00000
 #a
    5  432  434  1.00000000
 Al#HSER
   15  456  456 -1.80000000
 #bT
 CuVa                            0.000000    0.000000
  10  3           1.00000    0.00000    0.00000    0.00000
   2   0
   14  455  455  10.0000000
 #a
   12  450  452  1.00000000
 Cu#HSER
   2
  1.00000      1.00000
   2   1
 Al                       Cu
 Va
   1   2
   1   1
   3
   1   2   3   1
 -50000.0000         0.000000000     0.000000000     0.000000000     0.000000000
     0.000000000
   0
 EPS
 SUBL
 AlVa                            0.000000    0.000000
  10  4           0.00000    0.00000    1.00000    0.00000
   3   0
   14  455  455  5481.00000
 #a
    5  432  434  1.00000000
 Al#HSER
   15  456  456 -1.80000000
 #bT
 CuVa                            0.000000    0.000000
  10  3           1.00000    0.00000    0.00000    0.00000
   2   0
   14  455  455  10.0000000
 #a
   12  450  452  1.00000000
 Cu#HSER
   2
  1.00000      1.00000
   2   1
 Al                       Cu
 Va
   1   2
   1   1
   3
   1   2   3   1
 -50000.0000         0.000000000     0.000000000     0.000000000     0.000000000
     0.000000000
   0
 SIGMA
 SUBL
 AlMg                            0.000000    0.000000
  10  5           0.00000    0.00000 .666670000 .333330000
   4   0
    6  435  437 0.666670000
 Al#LIQUID
   15  456  456  6.39460000
 #bT
    2  424  425 0.333330000
 Mg#LIQUID
   14  455  455  20133.7300
 #a
 CuMg                            0.000000    0.000000
  10  4        .666670000    0.00000    0.00000 .333330000
   4   0
   14  455  455 -22194.1000
 #a
   15  456  456  8.19350000
 #bT
    2  424  425 0.333330000
 Mg#LIQUID
   13  453  454 0.666670000
 Cu#LIQUID
 SiMg                            0.000000    0.000000
  10  5           0.00000 .666670000    0.00000 .333330000
   4   0
   15  456  456  10.0000000
 #bT
   14  455  455  18000.0000
 #a
    1  421  423 0.333330000
 Mg#HSER
    8  440  442 0.666670000
 Si#HSER
   2
 0.666667     0.333333
   3   1
 Al                       Cu                       Si
 Mg
   1   2   3
   1   1   1
   3
   1   2   4   2
 -104975.700      12.0000000         0.000000000     0.000000000     0.000000000
     0.000000000
 -17279.4000         0.000000000     0.000000000     0.000000000     0.000000000
     0.000000000
   3
   2   3   4   2
 -70000.0000      12.0000000         0.000000000     0.000000000     0.000000000
     0.000000000
 -70000.0000      30.0000000         0.000000000     0.000000000     0.000000000
     0.000000000
   0
 SIGMA
 SUBL
 AlMg                            0.000000    0.000000
  10  5           0.00000    0.00000 .666670000 .333330000
   4   0
    6  435  437 0.666670000
 Al#LIQUID
   15  456  456  6.39460000
 #bT
    2  424  425 0.333330000
 Mg#LIQUID
   14  455  455  20133.7300
 #a
 CuMg                            0.000000    0.000000
  10  4        .666670000    0.00000    0.00000 .333330000
   4   0
   14  455  455 -22194.1000
 #a
   15  456  456  8.19350000
 #bT
    2  424  425 0.333330000
 Mg#LIQUID
   13  453  454 0.666670000
 Cu#LIQUID
 SiMg                            0.000000    0.000000
  10  5           0.00000 .666670000    0.00000 .333330000
   4   0
   15  456  456  10.0000000
 #bT
   14  455  455  18000.0000
 #a
    1  421  423 0.333330000
 Mg#HSER
    8  440  442 0.666670000
 Si#HSER
   2
 0.666667     0.333333
   3   1
 Al                       Cu                       Si
 Mg
   1   2   3
   1   1   1
   3
   1   2   4   2
 -104975.700      12.0000000         0.000000000     0.000000000     0.000000000
     0.000000000
 -17279.4000         0.000000000     0.000000000     0.000000000     0.000000000
     0.000000000
   3
   2   3   4   2
 -70000.0000      12.0000000         0.000000000     0.000000000     0.000000000
     0.000000000
 -70000.0000      30.0000000         0.000000000     0.000000000     0.000000000
     0.000000000
   0
 T_PHASE
 SUBL
 AlMg                            0.000000    0.000000
  10  5           0.00000    0.00000 .605000000 .395000000
   4   0
    6  435  437 0.605000000
 Al#LIQUID
   15  456  456  8.71000000
 #bT
   14  455  455 -10840.8360
 #a
    2  424  425 0.395000000
 Mg#LIQUID
 CuMg                            0.000000    0.000000
  10  4        .605000000    0.00000    0.00000 .395000000
   4   0
   15  456  456  8.71000000
 #bT
    2  424  425 0.395000000
 Mg#LIQUID
   13  453  454 0.605000000
 Cu#LIQUID
   14  455  455 -20590.8360
 #a
   2
 0.605000     0.395000
   2   1
 Al                       Cu
 Mg
   1   2
   1   1
   3
   1   2   3   2
 -27638.9500      22.0000000         0.000000000     0.000000000     0.000000000
     0.000000000
 -17262.5000         0.000000000     0.000000000     0.000000000     0.000000000
     0.000000000
   0
 T_PHASE
 SUBL
 AlMg                            0.000000    0.000000
  10  5           0.00000    0.00000 .605000000 .395000000
   4   0
    6  435  437 0.605000000
 Al#LIQUID
   15  456  456  8.71000000
 #bT
   14  455  455 -10840.8360
 #a
    2  424  425 0.395000000
 Mg#LIQUID
 CuMg                            0.000000    0.000000
  10  4        .605000000    0.00000    0.00000 .395000000
   4   0
   15  456  456  8.71000000
 #bT
    2  424  425 0.395000000
 Mg#LIQUID
   13  453  454 0.605000000
 Cu#LIQUID
   14  455  455 -20590.8360
 #a
   2
 0.605000     0.395000
   2   1
 Al                       Cu
 Mg
   1   2
   1   1
   3
   1   2   3   2
 -27638.9500      22.0000000         0.000000000     0.000000000     0.000000000
     0.000000000
 -17262.5000         0.000000000     0.000000000     0.000000000     0.000000000
     0.000000000
   0
 GAMMA
 SUBL
 AlVa                            0.000000    0.000000
  10  4           0.00000    0.00000    1.00000    0.00000
   2   0
   14  455  455  10.0000000
 #a
    5  432  434  1.00000000
 Al#HSER
 CuVa                            0.000000    0.000000
  10  3           1.00000    0.00000    0.00000    0.00000
   2   0
   14  455  455  10.0000000
 #a
   12  450  452  1.00000000
 Cu#HSER
 SiVa                            0.000000    0.000000
  10  3           0.00000    1.00000    0.00000    0.00000
   3   0
   14  455  455  51010.0000
 #a
   15  456  456 -21.8000000
 #bT
    8  440  442  1.00000000
 Si#HSER
   2
  1.00000      1.00000
   3   1
 Al                       Cu                       Si
 Va
   1   2   3
   1   1   1
   4
   1   2   3   4   3
  985000.000         0.000000000     0.000000000     0.000000000     0.000000000
     0.000000000
 -724500.000         0.000000000     0.000000000     0.000000000     0.000000000
     0.000000000
  800000.000         0.000000000     0.000000000     0.000000000     0.000000000
     0.000000000
   3
   1   2   4   3
 -48025.3000      14.5587200         0.000000000     0.000000000     0.000000000
     0.000000000
  187178.000      3.02112000         0.000000000     0.000000000     0.000000000
     0.000000000
  254993.900     -8.16271000         0.000000000     0.000000000     0.000000000
     0.000000000
   3
   1   3   4   1
  60000.0000         0.000000000     0.000000000     0.000000000     0.000000000
     0.000000000
   3
   2   3   4   2
     0.000000000     0.000000000     0.000000000     0.000000000     0.000000000
     0.000000000
 -45000.0000         0.000000000     0.000000000     0.000000000     0.000000000
     0.000000000
   0
 GAMMA
 SUBL
 AlVa                            0.000000    0.000000
  10  4           0.00000    0.00000    1.00000    0.00000
   2   0
   14  455  455  10.0000000
 #a
    5  432  434  1.00000000
 Al#HSER
 CuVa                            0.000000    0.000000
  10  3           1.00000    0.00000    0.00000    0.00000
   2   0
   14  455  455  10.0000000
 #a
   12  450  452  1.00000000
 Cu#HSER
 SiVa                            0.000000    0.000000
  10  3           0.00000    1.00000    0.00000    0.00000
   3   0
   14  455  455  51010.0000
 #a
   15  456  456 -21.8000000
 #bT
    8  440  442  1.00000000
 Si#HSER
   2
  1.00000      1.00000
   3   1
 Al                       Cu                       Si
 Va
   1   2   3
   1   1   1
   4
   1   2   3   4   3
  985000.000         0.000000000     0.000000000     0.000000000     0.000000000
     0.000000000
 -724500.000         0.000000000     0.000000000     0.000000000     0.000000000
     0.000000000
  800000.000         0.000000000     0.000000000     0.000000000     0.000000000
     0.000000000
   3
   1   2   4   3
 -48025.3000      14.5587200         0.000000000     0.000000000     0.000000000
     0.000000000
  187178.000      3.02112000         0.000000000     0.000000000     0.000000000
     0.000000000
  254993.900     -8.16271000         0.000000000     0.000000000     0.000000000
     0.000000000
   3
   1   3   4   1
  60000.0000         0.000000000     0.000000000     0.000000000     0.000000000
     0.000000000
   3
   2   3   4   2
     0.000000000     0.000000000     0.000000000     0.000000000     0.000000000
     0.000000000
 -45000.0000         0.000000000     0.000000000     0.000000000     0.000000000
     0.000000000
   0
 GAMMA
 SUBL
 AlVa                            0.000000    0.000000
  10  4           0.00000    0.00000    1.00000    0.00000
   2   0
   14  455  455  10.0000000
 #a
    5  432  434  1.00000000
 Al#HSER
 CuVa                            0.000000    0.000000
  10  3           1.00000    0.00000    0.00000    0.00000
   2   0
   14  455  455  10.0000000
 #a
   12  450  452  1.00000000
 Cu#HSER
 SiVa                            0.000000    0.000000
  10  3           0.00000    1.00000    0.00000    0.00000
   3   0
   14  455  455  51010.0000
 #a
   15  456  456 -21.8000000
 #bT
    8  440  442  1.00000000
 Si#HSER
   2
  1.00000      1.00000
   3   1
 Al                       Cu                       Si
 Va
   1   2   3
   1   1   1
   4
   1   2   3   4   3
  985000.000         0.000000000     0.000000000     0.000000000     0.000000000
     0.000000000
 -724500.000         0.000000000     0.000000000     0.000000000     0.000000000
     0.000000000
  800000.000         0.000000000     0.000000000     0.000000000     0.000000000
     0.000000000
   3
   1   2   4   3
 -48025.3000      14.5587200         0.000000000     0.000000000     0.000000000
     0.000000000
  187178.000      3.02112000         0.000000000     0.000000000     0.000000000
     0.000000000
  254993.900     -8.16271000         0.000000000     0.000000000     0.000000000
     0.000000000
   3
   1   3   4   1
  60000.0000         0.000000000     0.000000000     0.000000000     0.000000000
     0.000000000
   3
   2   3   4   2
     0.000000000     0.000000000     0.000000000     0.000000000     0.000000000
     0.000000000
 -45000.0000         0.000000000     0.000000000     0.000000000     0.000000000
     0.000000000
   0
 GAMMA_H
 SUBL
 AlAlCu                          0.000000    0.000000
  10  6           8.00000    0.00000    5.00000    0.00000
   4   0
   15  456  456 -45.5000000
 #bT
   12  450  452  8.00000000
 Cu#HSER
   14  455  455 -219258.000
 #a
    5  432  434  5.00000000
 Al#HSER
 AlCuCu                          0.000000    0.000000
  10  6           9.00000    0.00000    4.00000    0.00000
   4   0
   12  450  452  9.00000000
 Cu#HSER
   15  456  456 -58.5000000
 #bT
    5  432  434  4.00000000
 Al#HSER
   14  455  455 -200460.000
 #a
   3
  4.00000      1.00000      8.00000
   1   2   1
 Al
 Al                       Cu
 Cu
   1   1
   1   2
   1   1
   0
 GAMMA_H
 SUBL
 AlAlCu                          0.000000    0.000000
  10  6           8.00000    0.00000    5.00000    0.00000
   4   0
   15  456  456 -45.5000000
 #bT
   12  450  452  8.00000000
 Cu#HSER
   14  455  455 -219258.000
 #a
    5  432  434  5.00000000
 Al#HSER
 AlCuCu                          0.000000    0.000000
  10  6           9.00000    0.00000    4.00000    0.00000
   4   0
   12  450  452  9.00000000
 Cu#HSER
   15  456  456 -58.5000000
 #bT
    5  432  434  4.00000000
 Al#HSER
   14  455  455 -200460.000
 #a
   3
  4.00000      1.00000      8.00000
   1   2   1
 Al
 Al                       Cu
 Cu
   1   1
   1   2
   1   1
   0
 ALCU_THETA
 SUBL
 AlAl                            0.000000    0.000000
  10  4           0.00000    0.00000    1.00000    0.00000
   1   0
    3  426  428  1.00000000
 Al#BCC_A2
 AlCu                            0.000000    0.000000
  10  6        .333000000    0.00000 .667000000    0.00000
   4   0
   15  456  456  2.25000000
 #bT
   12  450  452 0.333000000
 Cu#HSER
    5  432  434 0.667000000
 Al#HSER
   14  455  455 -15802.0000
 #a
   2
 0.667000     0.333000
   1   2
 Al
 Al                       Cu
   1   1
   1   2
   3
   1   2   3   1
  737.000000         0.000000000     0.000000000     0.000000000     0.000000000
     0.000000000
   0
 ALCU_THETA
 SUBL
 AlAl                            0.000000    0.000000
  10  4           0.00000    0.00000    1.00000    0.00000
   1   0
    3  426  428  1.00000000
 Al#BCC_A2
 AlCu                            0.000000    0.000000
  10  6        .333000000    0.00000 .667000000    0.00000
   4   0
   15  456  456  2.25000000
 #bT
   12  450  452 0.333000000
 Cu#HSER
    5  432  434 0.667000000
 Al#HSER
   14  455  455 -15802.0000
 #a
   2
 0.667000     0.333000
   1   2
 Al
 Al                       Cu
   1   1
   1   2
   3
   1   2   3   1
  737.000000         0.000000000     0.000000000     0.000000000     0.000000000
     0.000000000
   0
 ALCU_EPS
 SUBL
 AlCu                            0.000000    0.000000
  10  6        .500000000    0.00000 .500000000    0.00000
   4   0
   12  450  452 0.500000000
 Cu#HSER
    5  432  434 0.500000000
 Al#HSER
   14  455  455 -18488.0000
 #a
   15  456  456 0.600000000
 #bT
 CuCu                            0.000000    0.000000
  10  3           1.00000    0.00000    0.00000    0.00000
   1   0
   10  446  447  1.00000000
 Cu#BCC_A2
   2
 0.500000     0.500000
   2   1
 Al                       Cu
 Cu
   1   2
   1   1
   3
   1   2   3   2
  3800.00000     -12.0000000         0.000000000     0.000000000     0.000000000
     0.000000000
 -36000.0000         0.000000000     0.000000000     0.000000000     0.000000000
     0.000000000
   0
 ALCU_EPS
 SUBL
 AlCu                            0.000000    0.000000
  10  6        .500000000    0.00000 .500000000    0.00000
   4   0
   12  450  452 0.500000000
 Cu#HSER
    5  432  434 0.500000000
 Al#HSER
   14  455  455 -18488.0000
 #a
   15  456  456 0.600000000
 #bT
 CuCu                            0.000000    0.000000
  10  3           1.00000    0.00000    0.00000    0.00000
   1   0
   10  446  447  1.00000000
 Cu#BCC_A2
   2
 0.500000     0.500000
   2   1
 Al                       Cu
 Cu
   1   2
   1   1
   3
   1   2   3   2
  3800.00000     -12.0000000         0.000000000     0.000000000     0.000000000
     0.000000000
 -36000.0000         0.000000000     0.000000000     0.000000000     0.000000000
     0.000000000
   0
 ALCU_ETA
 SUBL
 AlCu                            0.000000    0.000000
  10  6        .500000000    0.00000 .500000000    0.00000
   4   0
   12  450  452 0.500000000
 Cu#HSER
    5  432  434 0.500000000
 Al#HSER
   14  455  455 -20280.0000
 #a
   15  456  456  1.57000000
 #bT
 CuCu                            0.000000    0.000000
  10  3           1.00000    0.00000    0.00000    0.00000
   1   0
   10  446  447  1.00000000
 Cu#BCC_A2
   2
 0.500000     0.500000
   2   1
 Al                       Cu
 Cu
   1   2
   1   1
   3
   1   2   3   1
 -12870.0000     -10.0000000         0.000000000     0.000000000     0.000000000
     0.000000000
   0
 ALCU_ETA
 SUBL
 AlCu                            0.000000    0.000000
  10  6        .500000000    0.00000 .500000000    0.00000
   4   0
   12  450  452 0.500000000
 Cu#HSER
    5  432  434 0.500000000
 Al#HSER
   14  455  455 -20280.0000
 #a
   15  456  456  1.57000000
 #bT
 CuCu                            0.000000    0.000000
  10  3           1.00000    0.00000    0.00000    0.00000
   1   0
   10  446  447  1.00000000
 Cu#BCC_A2
   2
 0.500000     0.500000
   2   1
 Al                       Cu
 Cu
   1   2
   1   1
   3
   1   2   3   1
 -12870.0000     -10.0000000         0.000000000     0.000000000     0.000000000
     0.000000000
   0
 ALMG_GAMMA
 SUBL
 MgAlAl                          0.000000    0.000000
  10  6           0.00000    0.00000 .551700000 .448300000
   4   0
   14  455  455 -1270.00000
 #a
    5  432  434 0.551700000
 Al#HSER
   15  456  456 -1.75000000
 #bT
    1  421  423 0.448300000
 Mg#HSER
 MgMgAl                          0.000000    0.000000
  10  6           0.00000    0.00000 .413800000 .586200000
   4   0
   14  455  455 -2441.40000
 #a
    1  421  423 0.586200000
 Mg#HSER
   15  456  456 0.219000000
 #bT
    5  432  434 0.413800000
 Al#HSER
 MgAlMg                          0.000000    0.000000
  10  6           0.00000    0.00000 .137900000 .862100000
   4   0
    1  421  423 0.862100000
 Mg#HSER
   15  456  456  1.16060000
 #bT
    5  432  434 0.137900000
 Al#HSER
   14  455  455  1279.60000
 #a
 MgMgMg                          0.000000    0.000000
  10  3           0.00000    0.00000    0.00000    1.00000
   2   0
   14  455  455  5000.00000
 #a
    1  421  423  1.00000000
 Mg#HSER
   3
 0.448300     0.137900     0.413800
   1   2   2
 Mg
 Al                       Mg
 Al                       Mg
   1   1   1   1
   1   2   1   2
   1   1   2   2
   0
 ALMG_GAMMA
 SUBL
 MgAlAl                          0.000000    0.000000
  10  6           0.00000    0.00000 .551700000 .448300000
   4   0
   14  455  455 -1270.00000
 #a
    5  432  434 0.551700000
 Al#HSER
   15  456  456 -1.75000000
 #bT
    1  421  423 0.448300000
 Mg#HSER
 MgMgAl                          0.000000    0.000000
  10  6           0.00000    0.00000 .413800000 .586200000
   4   0
   14  455  455 -2441.40000
 #a
    1  421  423 0.586200000
 Mg#HSER
   15  456  456 0.219000000
 #bT
    5  432  434 0.413800000
 Al#HSER
 MgAlMg                          0.000000    0.000000
  10  6           0.00000    0.00000 .137900000 .862100000
   4   0
    1  421  423 0.862100000
 Mg#HSER
   15  456  456  1.16060000
 #bT
    5  432  434 0.137900000
 Al#HSER
   14  455  455  1279.60000
 #a
 MgMgMg                          0.000000    0.000000
  10  3           0.00000    0.00000    0.00000    1.00000
   2   0
   14  455  455  5000.00000
 #a
    1  421  423  1.00000000
 Mg#HSER
   3
 0.448300     0.137900     0.413800
   1   2   2
 Mg
 Al                       Mg
 Al                       Mg
   1   1   1   1
   1   2   1   2
   1   1   2   2
   0
 EPSILON_CU15SI4
 SUBL
 CuSi                            0.000000    0.000000
  10  5        .789474000 .210526000    0.00000    0.00000
   4   0
    8  440  442 0.210526000
 Si#HSER
   12  450  452 0.789474000
 Cu#HSER
   14  455  455  1240.96400
 #a
   15  456  456 -6.71912000
 #bT
 MgSi                            0.000000    0.000000
  10  5           0.00000 .210526000    0.00000 .789474000
   2   0
    8  440  442 0.210526000
 Si#HSER
    1  421  423 0.789474000
 Mg#HSER
   2
 0.789474     0.210526
   2   1
 Cu                       Mg
 Si
   1   2
   1   1
   3
   1   2   3   3
     0.000000000     0.000000000     0.000000000     0.000000000     0.000000000
     0.000000000
     0.000000000     0.000000000     0.000000000     0.000000000     0.000000000
     0.000000000
     0.000000000     0.000000000     0.000000000     0.000000000     0.000000000
     0.000000000
   0
 EPSILON_CU15SI4
 SUBL
 CuSi                            0.000000    0.000000
  10  5        .789474000 .210526000    0.00000    0.00000
   4   0
    8  440  442 0.210526000
 Si#HSER
   12  450  452 0.789474000
 Cu#HSER
   14  455  455  1240.96400
 #a
   15  456  456 -6.71912000
 #bT
 MgSi                            0.000000    0.000000
  10  5           0.00000 .210526000    0.00000 .789474000
   2   0
    8  440  442 0.210526000
 Si#HSER
    1  421  423 0.789474000
 Mg#HSER
   2
 0.789474     0.210526
   2   1
 Cu                       Mg
 Si
   1   2
   1   1
   3
   1   2   3   3
     0.000000000     0.000000000     0.000000000     0.000000000     0.000000000
     0.000000000
     0.000000000     0.000000000     0.000000000     0.000000000     0.000000000
     0.000000000
     0.000000000     0.000000000     0.000000000     0.000000000     0.000000000
     0.000000000
   0
 ETA_CU19SI6
 SUBL
 CuSi                            0.000000    0.000000
  10  5        .760000000 .240000000    0.00000    0.00000
   4   0
   14  455  455  1367.66000
 #a
    8  440  442 0.240000000
 Si#HSER
   15  456  456 -7.19760000
 #bT
   12  450  452 0.760000000
 Cu#HSER
 MgSi                            0.000000    0.000000
  10  5           0.00000 .240000000    0.00000 .760000000
   2   0
    1  421  423 0.760000000
 Mg#HSER
    8  440  442 0.240000000
 Si#HSER
   2
 0.760000     0.240000
   2   1
 Cu                       Mg
 Si
   1   2
   1   1
   3
   1   2   3   3
     0.000000000     0.000000000     0.000000000     0.000000000     0.000000000
     0.000000000
     0.000000000     0.000000000     0.000000000     0.000000000     0.000000000
     0.000000000
     0.000000000     0.000000000     0.000000000     0.000000000     0.000000000
     0.000000000
   0
 ETA_CU19SI6
 SUBL
 CuSi                            0.000000    0.000000
  10  5        .760000000 .240000000    0.00000    0.00000
   4   0
   14  455  455  1367.66000
 #a
    8  440  442 0.240000000
 Si#HSER
   15  456  456 -7.19760000
 #bT
   12  450  452 0.760000000
 Cu#HSER
 MgSi                            0.000000    0.000000
  10  5           0.00000 .240000000    0.00000 .760000000
   2   0
    1  421  423 0.760000000
 Mg#HSER
    8  440  442 0.240000000
 Si#HSER
   2
 0.760000     0.240000
   2   1
 Cu                       Mg
 Si
   1   2
   1   1
   3
   1   2   3   3
     0.000000000     0.000000000     0.000000000     0.000000000     0.000000000
     0.000000000
     0.000000000     0.000000000     0.000000000     0.000000000     0.000000000
     0.000000000
     0.000000000     0.000000000     0.000000000     0.000000000     0.000000000
     0.000000000
   0
 GAMMA_CU56SI11
 SUBL
 CuSi                            0.000000    0.000000
  10  5        .835821000 .164179000    0.00000    0.00000
   4   0
    8  440  442 0.164179000
 Si#HSER
   14  455  455  1046.49000
 #a
   15  456  456 -5.87468000
 #bT
   12  450  452 0.835821000
 Cu#HSER
 MgSi                            0.000000    0.000000
  10  5           0.00000 .164179000    0.00000 .835821000
   3   0
    8  440  442 0.164179000
 Si#HSER
   14  455  455  557004.670
 #a
    1  421  423 0.835821000
 Mg#HSER
   2
 0.835821     0.164179
   2   1
 Cu                       Mg
 Si
   1   2
   1   1
   3
   1   2   3   3
     0.000000000     0.000000000     0.000000000     0.000000000     0.000000000
     0.000000000
 -551841.540     -38.0000000         0.000000000     0.000000000     0.000000000
     0.000000000
     0.000000000     0.000000000     0.000000000     0.000000000     0.000000000
     0.000000000
   0
 GAMMA_CU56SI11
 SUBL
 CuSi                            0.000000    0.000000
  10  5        .835821000 .164179000    0.00000    0.00000
   4   0
    8  440  442 0.164179000
 Si#HSER
   14  455  455  1046.49000
 #a
   15  456  456 -5.87468000
 #bT
   12  450  452 0.835821000
 Cu#HSER
 MgSi                            0.000000    0.000000
  10  5           0.00000 .164179000    0.00000 .835821000
   3   0
    8  440  442 0.164179000
 Si#HSER
   14  455  455  557004.670
 #a
    1  421  423 0.835821000
 Mg#HSER
   2
 0.835821     0.164179
   2   1
 Cu                       Mg
 Si
   1   2
   1   1
   3
   1   2   3   3
     0.000000000     0.000000000     0.000000000     0.000000000     0.000000000
     0.000000000
 -551841.540     -38.0000000         0.000000000     0.000000000     0.000000000
     0.000000000
     0.000000000     0.000000000     0.000000000     0.000000000     0.000000000
     0.000000000
   0
 Mg_SER(s)
  10  3           0.00000    0.00000    0.00000    1.00000
   0   0
     0.000000000  32.6686727
  923.000000      26.1849782     -.971600000E-03 0.836201400E-05 -157900.000
     0.000000000
 1     0.000000000   0.00
  3000.00000      34.3088000         0.000000000     0.000000000     0.000000000
     0.000000000
 1 -.934372800E+30 -10.00
  3000.00001      34.3087842         0.000000000     0.000000000     0.000000000
 1     0.000000000   0.00
 Al_SER(s)
  10  4           0.00000    0.00000    1.00000    0.00000
   0   0
 -.194336861E-02  28.3214927
  700.000000      24.3671976     0.376932400E-02 0.526598400E-05 -148184.000
     0.000000000
 1     0.000000000   0.00
  933.600000      38.5844296     -.370639640E-01 0.345853620E-04 -148184.000
     0.000000000
 1     0.000000000   0.00
  2900.00000      31.7481920         0.000000000     0.000000000     0.000000000
     0.000000000
 1 0.111083760E+31 -10.00
  2900.00001      31.7482184         0.000000000     0.000000000     0.000000000
 1     0.000000000   0.00
 'AlMg'_ALMG_ZETA(s)
  10  6           0.00000    0.00000 1.05000000 .950000000
   0   0
 -1675.60162      67.0988064
  700.000000      50.4612868     0.303477020E-02 0.134731965E-04 -305598.200
     0.000000000
 1     0.000000000   0.00
  923.000000      65.3893804     -.398401822E-01 0.442585434E-04 -305598.200
     0.000000000
 1     0.000000000   0.00
  933.600000      73.1070111     -.389171622E-01 0.363146301E-04 -155593.200
     0.000000000
 1 -.887654160E+30 -10.00
  2900.00000      65.9289616         0.000000000     0.000000000     0.000000000
     0.000000000
 1 0.278725320E+30 -10.00
  3000.00000      32.5933600         0.000000000     0.000000000     0.000000000
     0.000000000
 1 -.887654160E+30 -10.00
  3000.00001      32.5933450         0.000000000     0.000000000     0.000000000
 1     0.000000000   0.00
 'Al5Mg4'_ALMG_EPSILON(s)
  10  6           0.00000    0.00000 5.04000000 3.96000000
   0   0
 -6917.40805      300.179267
  700.000000      226.503190     0.151498570E-01 0.596541348E-04 -1372131.36
     0.000000000
 1     0.000000000   0.00
  923.000000      298.158039     -.190649915     0.207423800E-03 -1372131.36
     0.000000000
 1     0.000000000   0.00
  933.600000      330.328373     -.186802379     0.174310224E-03 -746847.360
     0.000000000
 1 -.370011629E+31 -10.00
  2900.00000      295.873736         0.000000000     0.000000000     0.000000000
     0.000000000
 1 0.189850522E+31 -10.00
  3000.00000      135.862848         0.000000000     0.000000000     0.000000000
     0.000000000
 1 -.370011629E+31 -10.00
  3000.00001      135.862785         0.000000000     0.000000000     0.000000000
 1     0.000000000   0.00
 'Al8Mg5'_ALMG_BETA(s)
  10  6           0.00000    0.00000 7.99500000 5.00500000
   0   0
 -18864.3133      414.728041
  700.000000      325.871561     0.252728874E-01 0.839534222E-04 -1975020.58
     0.000000000
 1     0.000000000   0.00
  923.000000      439.538331     -.301189250     0.318361849E-03 -1975020.58
     0.000000000
 1     0.000000000   0.00
  933.600000      480.198059     -.296326392     0.276509969E-03 -1184731.08
     0.000000000
 1 -.467653586E+31 -10.00
  2900.00000      425.542339         0.000000000     0.000000000     0.000000000
     0.000000000
 1 0.420461075E+31 -10.00
  3000.00000      171.715544         0.000000000     0.000000000     0.000000000
     0.000000000
 1 -.467653586E+31 -10.00
  3000.00001      171.715465         0.000000000     0.000000000     0.000000000
 1     0.000000000   0.00
 'Mg2Al11'_MG2ZN11(s)
  10  6           0.00000    0.00000 11.0000020 1.99999800
   0   0
  103999.980      376.873757
  700.000000      320.409126     0.395193735E-01 0.746498458E-04 -1945823.98
     0.000000000
 1     0.000000000   0.00
  923.000000      476.798707     -.409646876     0.397163062E-03 -1945823.98
     0.000000000
 1     0.000000000   0.00
  933.600000      493.046334     -.407703678     0.380439051E-03 -1630024.30
     0.000000000
 1 -.186874373E+31 -10.00
  2900.00000      417.847707         0.000000000     0.000000000     0.000000000
     0.000000000
 1 0.103504721E+32 -10.00
  3000.00000      68.6175314         0.000000000     0.000000000     0.000000000
     0.000000000
 1 -.186874373E+31 -10.00
  3000.00001      68.6174997         0.000000000     0.000000000     0.000000000
 1     0.000000000   0.00
 Si_SER(s)
  10  3           0.00000    1.00000    0.00000    0.00000
   0   0
     0.000000000  18.8100312
  1687.00000      22.8317533     0.382580800E-02 0.213120000E-07 -353334.000
     0.000000000
 1     0.000000000   0.00
  3600.00000      27.1960000         0.000000000     0.000000000     0.000000000
     0.000000000
 1 0.378332100E+33 -10.00
  3600.00001      27.1970348         0.000000000     0.000000000     0.000000000
 1     0.000000000   0.00
 Mg2Si_MG2SI(s)
  10  5           0.00000    1.00000    0.00000    2.00000
   0   0
 -64110.0000      69.2795765
  923.000000      75.2017097     0.188260800E-02 0.167453400E-04 -669134.000
     0.000000000
 1     0.000000000   0.00
  1687.00000      91.4493533     0.382580800E-02 0.213120000E-07 -353334.000
     0.000000000
 1 -.186874560E+31 -10.00
  3000.00000      95.8136000         0.000000000     0.000000000     0.000000000
     0.000000000
 1 0.376463354E+33 -10.00
  3600.00000      27.1960000         0.000000000     0.000000000     0.000000000
     0.000000000
 1 0.378332100E+33 -10.00
  3600.00001      27.1970348         0.000000000     0.000000000     0.000000000
 1     0.000000000   0.00
 'Mg3Si'_MG19SI6(s)
  10  5           0.00000 .960000000    0.00000 3.04000000
   0   0
     0.000000000  117.370395
  923.000000      101.520817     0.719111680E-03 0.254409821E-04 -819216.640
     0.000000000
 1     0.000000000   0.00
  1687.00000      126.217235     0.367277568E-02 0.204595200E-07 -339200.640
     0.000000000
 1 -.284049331E+31 -10.00
  3000.00000      130.406912         0.000000000     0.000000000     0.000000000
     0.000000000
 1 0.360358323E+33 -10.00
  3600.00000      26.1081600         0.000000000     0.000000000     0.000000000
     0.000000000
 1 0.363198816E+33 -10.00
  3600.00001      26.1091534         0.000000000     0.000000000     0.000000000
 1     0.000000000   0.00
 'Mg4Si'_MG15SI4(s)
  10  5           0.00000 1.05263000    0.00000 3.94737000
   0   0
     0.000000000  148.755342
  923.000000      127.395186     0.191895583E-03 0.330303969E-04 -995219.691
     0.000000000
 1     0.000000000   0.00
  1687.00000      159.462916     0.402716028E-02 0.224336506E-07 -371929.968
     0.000000000
 1 -.368831516E+31 -10.00
  3000.00000      164.056853         0.000000000     0.000000000     0.000000000
     0.000000000
 1 0.394555403E+33 -10.00
  3600.00000      28.6273255         0.000000000     0.000000000     0.000000000
     0.000000000
 1 0.398243718E+33 -10.00
  3600.00001      28.6284147         0.000000000     0.000000000     0.000000000
 1     0.000000000   0.00
 'Mg5Si'_MG56SI11(s)
  10  5           0.00000 .985074000    0.00000 5.01492600
   0   0
  3342028.02      182.360249
  923.000000      153.806695     -.110379811E-02 0.419558753E-04 -1139916.95
     0.000000000
 1     0.000000000   0.00
  1687.00000      194.547060     0.376870399E-02 0.209938971E-07 -348060.137
     0.000000000
 1 -.468581045E+31 -10.00
  3000.00000      198.846166         0.000000000     0.000000000     0.000000000
     0.000000000
 1 0.367999305E+33 -10.00
  3600.00000      26.7900725         0.000000000     0.000000000     0.000000000
     0.000000000
 1 0.372685115E+33 -10.00
  3600.00001      26.7910918         0.000000000     0.000000000     0.000000000
 1     0.000000000   0.00
 Cu_SER(s)
  10  3           1.00000    0.00000    0.00000    0.00000
   0   0
 0.168168832E-02  33.1498343
  1358.01000      24.1123920     0.531368000E-02 -.775338000E-06 -104956.000
     0.000000000
 1     0.000000000   0.00
  3200.00000      31.3800000         0.000000000     0.000000000     0.000000000
     0.000000000
 1 -.328178700E+32 -10.00
  3200.00001      31.3797085         0.000000000     0.000000000     0.000000000
 1     0.000000000   0.00
 Cu_liquid(s2)
  10  2           1.00000    0.00000    0.00000    0.00000
   0   0
  12964.8490      42.6601060
  1358.01000      24.1123920     0.531368000E-02 -.775338000E-06 -104956.000
     0.000000000
 1 0.245251440E-18   6.00
  3200.00000      31.3800000         0.000000000     0.000000000     0.000000000
 1     0.000000000   0.00
 'CuMg2'_CUMG2(s)
  10  5        0.99999000    0.00000    0.00000 2.00001000
   0   0
 -28944.2974      96.8801748
  923.000000      76.4815836     0.337044630E-02 0.159485305E-04 -420751.792
     0.000000000
 1     0.000000000   0.00
  1358.01000      92.7290647     0.531362686E-02 -.775330247E-06 -104954.950
     0.000000000
 1 -.186872691E+31 -10.00
  3000.00000      99.9966000         0.000000000     0.000000000     0.000000000
     0.000000000
 1 -.346862687E+32 -10.00
  3200.00000      31.3796862         0.000000000     0.000000000     0.000000000
     0.000000000
 1 -.328175418E+32 -10.00
  3200.00001      31.3793947         0.000000000     0.000000000     0.000000000
 1     0.000000000   0.00
 Al2Cu3_ALCU_DELTA(s)
  10  6           3.00000    0.00000    2.00000    0.00000
   0   0
 -106699.999      153.092488
  700.000000      121.071571     0.234796880E-01 0.820595400E-05 -611236.000
     0.000000000
 1     0.000000000   0.00
  933.600000      149.506035     -.581868880E-01 0.668447100E-04 -611236.000
     0.000000000
 1     0.000000000   0.00
  1358.01000      135.833560     0.159410400E-01 -.232601400E-05 -314868.000
     0.000000000
 1 0.222167520E+31 -10.00
  2900.00000      157.636384         0.000000000     0.000000000     0.000000000
     0.000000000
 1 -.962319348E+32 -10.00
  3200.00000      94.1400000         0.000000000     0.000000000     0.000000000
     0.000000000
 1 -.984536100E+32 -10.00
  3200.00001      94.1391256         0.000000000     0.000000000     0.000000000
 1     0.000000000   0.00
 'Al4Cu5'_ALCU_ZETA(s)
  10  6        4.95000000    0.00000 4.05000000    0.00000
   0   0
 -189000.000      270.693725
  700.000000      218.043491     0.415684782E-01 0.174893121E-04 -1119677.40
     0.000000000
 1     0.000000000   0.00
  933.600000      275.623280     -.123806338     0.136232793E-03 -1119677.40
     0.000000000
 1     0.000000000   0.00
  1358.01000      247.936518     0.263027160E-01 -.383792310E-05 -519532.200
     0.000000000
 1 0.449889228E+31 -10.00
  2900.00000      283.911178         0.000000000     0.000000000     0.000000000
     0.000000000
 1 -.157949564E+33 -10.00
  3200.00000      155.331000         0.000000000     0.000000000     0.000000000
     0.000000000
 1 -.162448456E+33 -10.00
  3200.00001      155.329557         0.000000000     0.000000000     0.000000000
 1     0.000000000   0.00
 Al2MgCu_S_PHASE(s)
  10  7           1.00000    0.00000    2.00000    1.00000
   0   0
 -66199.9072      116.490054
  700.000000      99.0317654     0.118807280E-01 0.181186440E-04 -559224.000
     0.000000000
 1 -.305704476E-17   6.00
  923.000000      127.466229     -.697858480E-01 0.767574000E-04 -559224.000
     0.000000000
 1 -.305704476E-17   6.00
  933.600000      135.590051     -.688142480E-01 0.683953860E-04 -401324.000
     0.000000000
 2 -.180000000E+25 -10.00 -.642443256E-17   6.00
  1358.01000      121.917576     0.531368000E-02 -.775338000E-06 -104956.000
     0.000000000
 2 -.180000000E+25 -10.00 0.245251440E-18   6.00
  2900.00000      129.185184         0.000000000     0.000000000     0.000000000
     0.000000000
 1 -.180000000E+25 -10.00
  3000.00000      65.6888000         0.000000000     0.000000000     0.000000000
     0.000000000
 1 -.180000000E+25 -10.00
  3000.00001      65.6888000         0.000000000     0.000000000     0.000000000
 1     0.000000000   0.00
 Al7Mg6Cu3_Q_PHASE(s)
  10  7           3.00000    0.00000    7.00000    6.00000
   0   0
 -213379.647      488.550127
  700.000000      400.017428     0.364967080E-01 0.847079580E-04 -2299556.00
     0.000000000
 1 -.240381288E-17   6.00
  923.000000      499.538052     -.249336308     0.289943604E-03 -2299556.00
     0.000000000
 1 -.240381288E-17   6.00
  933.600000      548.280983     -.243506708     0.239771520E-03 -1352156.00
     0.000000000
 2 -.226081397E-16   6.00 -.108000000E+26 -10.00
  1358.01000      500.427320     0.159410400E-01 -.232601400E-05 -314868.000
     0.000000000
 2 0.735754320E-18   6.00 -.108000000E+26 -10.00
  2900.00000      522.230144         0.000000000     0.000000000     0.000000000
     0.000000000
 1 -.108000000E+26 -10.00
  3000.00000      299.992800         0.000000000     0.000000000     0.000000000
     0.000000000
 1 -.108000000E+26 -10.00
  3000.00001      299.992800         0.000000000     0.000000000     0.000000000
 1     0.000000000   0.00
 'Al5Mg2Cu6'_V_PHASE(s)
  10  7        6.00002000    0.00000 4.99993000 2.00005000
   0   0
 -283722.228      396.782624
  700.000000      318.880382     0.487852938E-01 0.384019540E-04 -1686455.62
     0.000000000
 1 -.846751905E-17   6.00
  923.000000      389.965547     -.155378288     0.184996792E-03 -1686455.62
     0.000000000
 1 -.846751905E-17   6.00
  933.600000      406.213597     -.153435039     0.168272346E-03 -1370647.73
     0.000000000
 2 -.152024630E-16   6.00 -.360009000E+25 -10.00
  1358.01000      372.032887     0.318821863E-01 -.465204351E-05 -629738.099
     0.000000000
 2 0.147151355E-17   6.00 -.360009000E+25 -10.00
  2900.00000      415.638681         0.000000000     0.000000000     0.000000000
     0.000000000
 1 -.360009000E+25 -10.00
  3000.00000      256.899943         0.000000000     0.000000000     0.000000000
     0.000000000
 1 -.360009000E+25 -10.00
  3000.00001      256.899943         0.000000000     0.000000000     0.000000000
 1     0.000000000   0.00
 'Cu3Si'_CU19SI6(s)
  10  5        3.04000000 .960000000    0.00000    0.00000
   0   0
  5470.64430      147.623526
  1358.01000      95.2201548     0.198263629E-01 -.233656800E-05 -658266.880
     0.000000000
 1     0.000000000   0.00
  1687.00000      117.313683     0.367277568E-02 0.204595200E-07 -339200.640
     0.000000000
 1 -.997663248E+32 -10.00
  3200.00000      121.503360         0.000000000     0.000000000     0.000000000
     0.000000000
 1 0.263432491E+33 -10.00
  3600.00000      26.1081600         0.000000000     0.000000000     0.000000000
     0.000000000
 1 0.363198816E+33 -10.00
  3600.00001      26.1091534         0.000000000     0.000000000     0.000000000
 1     0.000000000   0.00
 'Cu4Si'_CU15SI4(s)
  10  5        3.94737000 1.05263000    0.00000    0.00000
   0   0
  6204.82575      184.250265
  1358.01000      119.213921     0.250022213E-01 -.303811231E-05 -786230.134
     0.000000000
 1     0.000000000   0.00
  1687.00000      147.901859     0.402716028E-02 0.224336506E-07 -371929.968
     0.000000000
 1 -.129544276E+33 -10.00
  3200.00000      152.495796         0.000000000     0.000000000     0.000000000
     0.000000000
 1 0.268699443E+33 -10.00
  3600.00000      28.6273255         0.000000000     0.000000000     0.000000000
     0.000000000
 1 0.398243718E+33 -10.00
  3600.00001      28.6284147         0.000000000     0.000000000     0.000000000
 1     0.000000000   0.00
 'Cu5Si'_CU56SI11(s)
  10  5        5.01492600 .985074000    0.00000    0.00000
   0   0
  6278.94760      220.021319
  1358.01000      143.412828     0.304164160E-01 -.386726880E-05 -874406.710
     0.000000000
 1     0.000000000   0.00
  1687.00000      179.859344     0.376870399E-02 0.209938971E-07 -348060.137
     0.000000000
 1 -.164579190E+33 -10.00
  3200.00000      184.158450         0.000000000     0.000000000     0.000000000
     0.000000000
 1 0.208105926E+33 -10.00
  3600.00000      26.7900725         0.000000000     0.000000000     0.000000000
     0.000000000
 1 0.372685115E+33 -10.00
  3600.00001      26.7910918         0.000000000     0.000000000     0.000000000
 1     0.000000000   0.00
 'Cu14Si3'_DELTA_CU33SI7(s)
  10  5        14.0250000 2.97500000    0.00000    0.00000
   0   0
  33530.5151      639.315069
  1358.01000      406.100764     0.859061408E-01 -.108107122E-04 -2523176.55
     0.000000000
 1     0.000000000   0.00
  1687.00000      508.028966     0.113817788E-01 0.634032000E-07 -1051168.65
     0.000000000
 1 -.460270627E+33 -10.00
  3200.00000      521.012600         0.000000000     0.000000000     0.000000000
     0.000000000
 1 0.665267371E+33 -10.00
  3600.00000      80.9081000         0.000000000     0.000000000     0.000000000
     0.000000000
 1 0.112553800E+34 -10.00
  3600.00001      80.9111785         0.000000000     0.000000000     0.000000000
 1     0.000000000   0.00
 'Cu16Mg6Si7'_CU16MG6SI7(s)
  10  7        15.9999960 6.99999100    0.00000 6.00001300
   0   0
 -412541.564      881.279726
  923.000000      702.730453     0.105969868     0.379159716E-04 -5100032.45
     0.000000000
 1     0.000000000   0.00
  1358.01000      751.473489     0.111799480     -.122562211E-04 -4152630.40
     0.000000000
 1 -.560624895E+31 -10.00
  1687.00000      867.755188     0.267806216E-01 0.149183808E-06 -2473334.82
     0.000000000
 1 -.530692038E+33 -10.00
  3000.00000      898.304876         0.000000000     0.000000000     0.000000000
     0.000000000
 1 0.211762926E+34 -10.00
  3200.00000      692.451630         0.000000000     0.000000000     0.000000000
     0.000000000
 1 0.212323551E+34 -10.00
  3600.00000      190.371755         0.000000000     0.000000000     0.000000000
     0.000000000
 1 0.264832130E+34 -10.00
  3600.00001      190.378999         0.000000000     0.000000000     0.000000000
 1     0.000000000   0.00
 'Al5Cu2Mg8Si6'_AL5CU2MG8(s)
  10 11        1.99920000 5.99970000 5.00010000 8.00100000
   0   0
 -357048.215      523.131311
  700.000000      516.533600     0.446500346E-01 0.918127305E-04 -4334018.75
     0.000000000
 1 0.102308057E-16   6.00
  923.000000      587.621181     -.159520489     0.238412552E-03 -4334018.75
     0.000000000
 1 0.102308057E-16   6.00
  933.600000      652.619880     -.151746717     0.171508078E-03 -3070660.85
     0.000000000
 2 -.167116641E-16   6.00 -.144018000E+26 -10.00
  1358.01000      618.438008     0.335768093E-01 -.142219012E-05 -2329726.04
     0.000000000
 2 -.371205885E-19   6.00 -.144018000E+26 -10.00
  1687.00000      632.967410     0.229537003E-01 0.127865606E-06 -2119898.00
     0.000000000
 2 -.527427267E-18   6.00 -.144018000E+26 -10.00
  2900.00000      659.151581         0.000000000     0.000000000     0.000000000
     0.000000000
 1 -.144018000E+26 -10.00
  3000.00000      500.407446         0.000000000     0.000000000     0.000000000
     0.000000000
 1 -.144018000E+26 -10.00
  3200.00000      225.902737         0.000000000     0.000000000     0.000000000
     0.000000000
 1     0.000000000   0.00
  3600.00000      163.167841         0.000000000     0.000000000     0.000000000
     0.000000000
 1     0.000000000   0.00
  6000.00000         0.000000000     0.000000000     0.000000000     0.000000000
     0.000000000
 1 -.226987910E+34 -10.00
  6000.00001     -.375396503E-04     0.000000000     0.000000000     0.000000000
 1     0.000000000   0.00
