 System Fe-Si-Al                                                             L F
   10    0    0    0
 Al#LIQUID
    5
  11004.9274      40.1414736
  700.000000      24.3671976     0.376932400E-02 0.526598400E-05 -148184.000
 1 -.333228000E-17   6.00
  933.470000      38.5844296     -.370639640E-01 0.345853620E-04 -148184.000
 1 -.333228000E-17   6.00
  2900.00000      31.7481920         0.000000000     0.000000000     0.000000000
 1 -.428400000E+27 -10.00
  6000.00000         0.000000000     0.000000000     0.000000000     0.000000000
 1 -.110790000E+31 -10.00
  6000.00001     -.183226404E-07     0.000000000     0.000000000     0.000000000
 1     0.000000000   0.00
 Fe#liq
    2
  21189.6240      43.4219467
  1811.00000      23.5143000     0.879504000E-02 0.353562000E-06 -154718.000
 1 0.154356720E-18   6.00
  6000.00000      46.0000000         0.000000000     0.000000000     0.000000000
 1     0.000000000   0.00
 Si#liq
    4
  50696.3965      48.9094209
  1687.00000      22.8317533     0.382580800E-02 0.213120000E-07 -353334.000
 1 -.879089400E-19   6.00
  3600.00000      27.1960000         0.000000000     0.000000000     0.000000000
 1     0.000000000   0.00
  6000.00000         0.000000000     0.000000000     0.000000000     0.000000000
 1 -.378332100E+33 -10.00
  6000.00001     -.625692122E-05     0.000000000     0.000000000     0.000000000
 1     0.000000000   0.00
 Fe#HSER
    3
  9149.44942      36.8634987
  1811.00000      23.5143000     0.879504000E-02 0.353562000E-06 -154718.000
 1     0.000000000   0.00
  6000.00000      46.0000000         0.000000000     0.000000000     0.000000000
 1 -.206642700E+34 -10.00
  6000.00001      45.9999658         0.000000000     0.000000000     0.000000000
 1     0.000000000   0.00
 Al#HSER
    4
 -.194336860E-02  28.2999967
  700.000000      24.3671976     0.376932400E-02 0.526598400E-05 -148184.000
 1     0.000000000   0.00
  933.470000      38.5844296     -.370639640E-01 0.345853620E-04 -148184.000
 1     0.000000000   0.00
  2900.00000      31.7481920         0.000000000     0.000000000     0.000000000
 1 0.110747160E+31 -10.00
  6000.00001      31.7482183         0.000000000     0.000000000     0.000000000
 1     0.000000000   0.00
 #a
    1
  1.00000000         0.000000000
  6000.00001         0.000000000     0.000000000     0.000000000     0.000000000
 1     0.000000000   0.00
 #bT
    1
     0.000000000 -1.00000000
  6000.00001         0.000000000     0.000000000     0.000000000     0.000000000
 1     0.000000000   0.00
 Si#HSER
    3
     0.000000000  18.8100312
  1687.00000      22.8317533     0.382580800E-02 0.213120000E-07 -353334.000
 1     0.000000000   0.00
  3600.00000      27.1960000         0.000000000     0.000000000     0.000000000
 1 0.378332100E+33 -10.00
  6000.00001      27.1970348         0.000000000     0.000000000     0.000000000
 1     0.000000000   0.00
 Al#BCC_A2
    4
  10082.9981      33.1129967
  700.000000      24.3671976     0.376932400E-02 0.526598400E-05 -148184.000
 1     0.000000000   0.00
  933.470000      38.5844296     -.370639640E-01 0.345853620E-04 -148184.000
 1     0.000000000   0.00
  2900.00000      31.7481920         0.000000000     0.000000000     0.000000000
 1 0.110747160E+31 -10.00
  6000.00000         0.000000000     0.000000000     0.000000000     0.000000000
 1     0.000000000   0.00
 Fe#FCC_A1
    3
  7973.03012      35.9021029
  1811.00000      24.6643000     0.751504000E-02 0.353562000E-06 -154718.000
 1     0.000000000   0.00
  6000.00000      46.0000000         0.000000000     0.000000000     0.000000000
 1 -.250968600E+34 -10.00
  6000.00001      45.9999585         0.000000000     0.000000000     0.000000000
 1     0.000000000   0.00
    3   15    0    3    3    2    2    2    3    3    3    2    3    3    3    2
    2   20
 Fe                       Si                       Al
    55.84500000              28.08550000              26.98153860
   6   1   2   3   4   5   6
   6   1   2   3   4   5   6
 LIQUID
 RKMP
 Al                              0.000000    0.000000
  10  5           0.00000    0.00000    1.00000
   1   0
    3  157  160  1.00000000
 Al#LIQUID
 Fe                              0.000000    0.000000
  10  2           1.00000    0.00000    0.00000
   1   0
    8  172  173  1.00000000
 Fe#liq
 Si                              0.000000    0.000000
  10  4           0.00000    1.00000    0.00000
   1   0
    5  164  166  1.00000000
 Si#liq
   2
   1   2   3
 -91976.5000      22.1314000         0.000000000     0.000000000     0.000000000
     0.000000000
 -5672.58000      4.87280000         0.000000000     0.000000000     0.000000000
     0.000000000
  121.900000         0.000000000     0.000000000     0.000000000     0.000000000
     0.000000000
   3
   1   2   3   3
 -96677.0000      63.7270000         0.000000000     0.000000000     0.000000000
     0.000000000
 -50575.0000      63.7270000         0.000000000     0.000000000     0.000000000
     0.000000000
 -62178.0000      63.7270000         0.000000000     0.000000000     0.000000000
     0.000000000
   2
   1   3   3
 -11655.9300     -.929340000         0.000000000     0.000000000     0.000000000
     0.000000000
 -2873.45000     0.294500000         0.000000000     0.000000000     0.000000000
     0.000000000
  2520.00000         0.000000000     0.000000000     0.000000000     0.000000000
     0.000000000
   2
   2   3   4
 -164434.600      41.9773000         0.000000000     0.000000000     0.000000000
     0.000000000
     0.000000000 -21.5230000         0.000000000     0.000000000     0.000000000
     0.000000000
 -18821.5420      22.0700000         0.000000000     0.000000000     0.000000000
     0.000000000
  9695.80000         0.000000000     0.000000000     0.000000000     0.000000000
     0.000000000
   0
 AL13FE4
 SUBL
 AlFeAl                          0.000000    0.000000
  10  6        .235000000    0.00000 .765000000
   4   0
    7  169  171 0.235000000
 Fe#HSER
    2  153  156 0.765000000
 Al#HSER
    9  174  174 -30714.3000
 #a
   10  175  175  7.44000000
 #bT
 AlFeSi                          0.000000    0.000000
  10  8        .235000000 .137500000 .627500000
   5   0
    7  169  171 0.235000000
 Fe#HSER
    9  174  174 -30118.0000
 #a
    2  153  156 0.627500000
 Al#HSER
   10  175  175  6.96500000
 #bT
    4  161  163 0.137500000
 Si#HSER
 AlFeVa                          0.000000    0.000000
  10  6        .235000000    0.00000 .627500000
   4   0
    7  169  171 0.235000000
 Fe#HSER
   10  175  175  7.25660000
 #bT
    9  174  174 -27781.3000
 #a
    2  153  156 0.627500000
 Al#HSER
   3
 0.627500     0.235000     0.137500
   1   1   3
 Al
 Fe
 Al                       Si                       Va
   1   1   1
   1   1   1
   1   2   3
   0
 AL5FE4
 SUBL
 Al                              0.000000    0.000000
  10  4           0.00000    0.00000    1.00000
   3   0
   10  175  175 -4.81300000
 #bT
    2  153  156  1.00000000
 Al#HSER
    9  174  174  12178.9000
 #a
 Fe                              0.000000    0.000000
  10  3           1.00000    0.00000    0.00000
   2   0
    7  169  171  1.00000000
 Fe#HSER
    9  174  174  5009.03000
 #a
   1
  1.00000
   2
 Al                       Fe
   1   2
   2
   1   2   2
 -131649.000      29.4833000         0.000000000     0.000000000     0.000000000
     0.000000000
 -18619.5000         0.000000000     0.000000000     0.000000000     0.000000000
     0.000000000
   0
 ALFESI_ALPHA
 SUBL
 AlFeSiAl                        0.000000    0.000000
  10  8        .190000000 .050000000 .760000000
   5   0
   10  175  175  8.85600000
 #bT
    4  161  163 0.500000000E-01
 Si#HSER
    9  174  174 -27788.0000
 #a
    7  169  171 0.190000000
 Fe#HSER
    2  153  156 0.760000000
 Al#HSER
 AlFeSiSi                        0.000000    0.000000
  10  8        .190000000 .150000000 .660000000
   5   0
   10  175  175  6.13500000
 #bT
    4  161  163 0.150000000
 Si#HSER
    9  174  174 -26500.0000
 #a
    2  153  156 0.660000000
 Al#HSER
    7  169  171 0.190000000
 Fe#HSER
   4
 0.660000     0.190000     0.500000E-01 0.100000
   1   1   1   2
 Al
 Fe
 Si
 Al                       Si
   1   1
   1   1
   1   1
   1   2
   0
 ALFESI_BETA
 SUBL
 AlFeSiAl                        0.000000    0.000000
  10  8        .152000000 .100000000 .748000000
   5   0
    9  174  174 -19649.0000
 #a
   10  175  175  4.20900000
 #bT
    4  161  163 0.100000000
 Si#HSER
    7  169  171 0.152000000
 Fe#HSER
    2  153  156 0.748000000
 Al#HSER
 AlFeSiSi                        0.000000    0.000000
  10  8        .152000000 .250000000 .598000000
   5   0
    2  153  156 0.598000000
 Al#HSER
    9  174  174 -22008.0000
 #a
    7  169  171 0.152000000
 Fe#HSER
   10  175  175  6.42600000
 #bT
    4  161  163 0.250000000
 Si#HSER
   4
 0.598000     0.152000     0.100000     0.150000
   1   1   1   2
 Al
 Fe
 Si
 Al                       Si
   1   1
   1   1
   1   1
   1   2
   5
   1   2   3   4   5   1
 -2821.00000         0.000000000     0.000000000     0.000000000     0.000000000
     0.000000000
   0
 BCC_A2
 SUBLM
  1.00000     0.400000
 AlVa                            0.000000    0.000000
  22  4           0.00000    0.00000    1.00000
   1   0
    1  149  152  1.00000000
 Al#BCC_A2
     0.000000     0.000000
 FeVa                            0.000000    0.000000
  22  3           1.00000    0.00000    0.00000
   1   0
    7  169  171  1.00000000
 Fe#HSER
  1043.00      2.22000
 SiVa                            0.000000    0.000000
  22  3           0.00000    1.00000    0.00000
   3   0
   10  175  175 -22.5000000
 #bT
    9  174  174  47000.0000
 #a
    4  161  163  1.00000000
 Si#HSER
     0.000000     0.000000
   2
  1.00000      3.00000
   3   1
 Al                       Fe                       Si
 Va
   1   2   3
   1   1   1
   3
   1   2   4   2
     0.000000000     0.000000000
  504.000000         0.000000000
   3
   2   3   4   2
     0.000000000     0.000000000
  504.000000         0.000000000
   0
   3
   1   2   4   2
 -122960.160      31.9888000         0.000000000     0.000000000     0.000000000
     0.000000000
  2945.20000         0.000000000     0.000000000     0.000000000     0.000000000
     0.000000000
   3
   2   3   4   3
 -153141.130      46.4800000         0.000000000     0.000000000     0.000000000
     0.000000000
 -92352.0000         0.000000000     0.000000000     0.000000000     0.000000000
     0.000000000
  62240.0000         0.000000000     0.000000000     0.000000000     0.000000000
     0.000000000
   0
 BCC_A2
 SUBLM
  1.00000     0.400000
 AlVa                            0.000000    0.000000
  22  4           0.00000    0.00000    1.00000
   1   0
    1  149  152  1.00000000
 Al#BCC_A2
     0.000000     0.000000
 FeVa                            0.000000    0.000000
  22  3           1.00000    0.00000    0.00000
   1   0
    7  169  171  1.00000000
 Fe#HSER
  1043.00      2.22000
 SiVa                            0.000000    0.000000
  22  3           0.00000    1.00000    0.00000
   3   0
   10  175  175 -22.5000000
 #bT
    9  174  174  47000.0000
 #a
    4  161  163  1.00000000
 Si#HSER
     0.000000     0.000000
   2
  1.00000      3.00000
   3   1
 Al                       Fe                       Si
 Va
   1   2   3
   1   1   1
   3
   1   2   4   2
     0.000000000     0.000000000
  504.000000         0.000000000
   3
   2   3   4   2
     0.000000000     0.000000000
  504.000000         0.000000000
   0
   3
   1   2   4   2
 -122960.160      31.9888000         0.000000000     0.000000000     0.000000000
     0.000000000
  2945.20000         0.000000000     0.000000000     0.000000000     0.000000000
     0.000000000
   3
   2   3   4   3
 -153141.130      46.4800000         0.000000000     0.000000000     0.000000000
     0.000000000
 -92352.0000         0.000000000     0.000000000     0.000000000     0.000000000
     0.000000000
  62240.0000         0.000000000     0.000000000     0.000000000     0.000000000
     0.000000000
   0
 BCC_A2
 SUBLM
  1.00000     0.400000
 AlVa                            0.000000    0.000000
  22  4           0.00000    0.00000    1.00000
   1   0
    1  149  152  1.00000000
 Al#BCC_A2
     0.000000     0.000000
 FeVa                            0.000000    0.000000
  22  3           1.00000    0.00000    0.00000
   1   0
    7  169  171  1.00000000
 Fe#HSER
  1043.00      2.22000
 SiVa                            0.000000    0.000000
  22  3           0.00000    1.00000    0.00000
   3   0
   10  175  175 -22.5000000
 #bT
    9  174  174  47000.0000
 #a
    4  161  163  1.00000000
 Si#HSER
     0.000000     0.000000
   2
  1.00000      3.00000
   3   1
 Al                       Fe                       Si
 Va
   1   2   3
   1   1   1
   3
   1   2   4   2
     0.000000000     0.000000000
  504.000000         0.000000000
   3
   2   3   4   2
     0.000000000     0.000000000
  504.000000         0.000000000
   0
   3
   1   2   4   2
 -122960.160      31.9888000         0.000000000     0.000000000     0.000000000
     0.000000000
  2945.20000         0.000000000     0.000000000     0.000000000     0.000000000
     0.000000000
   3
   2   3   4   3
 -153141.130      46.4800000         0.000000000     0.000000000     0.000000000
     0.000000000
 -92352.0000         0.000000000     0.000000000     0.000000000     0.000000000
     0.000000000
  62240.0000         0.000000000     0.000000000     0.000000000     0.000000000
     0.000000000
   0
 DIAMOND_A4
 SUBL
 Al                              0.000000    0.000000
  10  4           0.00000    0.00000    1.00000
   2   0
   10  175  175  30.0000000
 #bT
    2  153  156  1.00000000
 Al#HSER
 Si                              0.000000    0.000000
  10  3           0.00000    1.00000    0.00000
   1   0
    4  161  163  1.00000000
 Si#HSER
   1
  1.00000
   2
 Al                       Si
   1   2
   2
   1   2   1
  111417.700     -46.1392000         0.000000000     0.000000000     0.000000000
     0.000000000
   0
 FCC_A1
 SUBLM
 0.333333     0.280000
 AlVa                            0.000000    0.000000
  22  4           0.00000    0.00000    1.00000
   1   0
    2  153  156  1.00000000
 Al#HSER
     0.000000     0.000000
 FeVa                            0.000000    0.000000
  22  3           1.00000    0.00000    0.00000
   1   0
    6  167  168  1.00000000
 Fe#FCC_A1
 -201.000     -2.10000
 SiVa                            0.000000    0.000000
  22  3           0.00000    1.00000    0.00000
   3   0
   10  175  175 -21.8000000
 #bT
    9  174  174  51000.0000
 #a
    4  161  163  1.00000000
 Si#HSER
     0.000000     0.000000
   2
  1.00000      1.00000
   3   1
 Al                       Fe                       Si
 Va
   1   2   3
   1   1   1
   0
   3
   1   2   4   2
 -76066.1000      18.6758000         0.000000000     0.000000000     0.000000000
     0.000000000
  21167.4000      1.33980000         0.000000000     0.000000000     0.000000000
     0.000000000
   3
   1   3   4   1
 -3423.91000     -.958400000E-01     0.000000000     0.000000000     0.000000000
     0.000000000
   3
   2   3   4   3
 -125247.700      41.1660000         0.000000000     0.000000000     0.000000000
     0.000000000
 -142707.600         0.000000000     0.000000000     0.000000000     0.000000000
     0.000000000
  89907.3000         0.000000000     0.000000000     0.000000000     0.000000000
     0.000000000
   0
 FCC_A1
 SUBLM
 0.333333     0.280000
 AlVa                            0.000000    0.000000
  22  4           0.00000    0.00000    1.00000
   1   0
    2  153  156  1.00000000
 Al#HSER
     0.000000     0.000000
 FeVa                            0.000000    0.000000
  22  3           1.00000    0.00000    0.00000
   1   0
    6  167  168  1.00000000
 Fe#FCC_A1
 -201.000     -2.10000
 SiVa                            0.000000    0.000000
  22  3           0.00000    1.00000    0.00000
   3   0
   10  175  175 -21.8000000
 #bT
    9  174  174  51000.0000
 #a
    4  161  163  1.00000000
 Si#HSER
     0.000000     0.000000
   2
  1.00000      1.00000
   3   1
 Al                       Fe                       Si
 Va
   1   2   3
   1   1   1
   0
   3
   1   2   4   2
 -76066.1000      18.6758000         0.000000000     0.000000000     0.000000000
     0.000000000
  21167.4000      1.33980000         0.000000000     0.000000000     0.000000000
     0.000000000
   3
   1   3   4   1
 -3423.91000     -.958400000E-01     0.000000000     0.000000000     0.000000000
     0.000000000
   3
   2   3   4   3
 -125247.700      41.1660000         0.000000000     0.000000000     0.000000000
     0.000000000
 -142707.600         0.000000000     0.000000000     0.000000000     0.000000000
     0.000000000
  89907.3000         0.000000000     0.000000000     0.000000000     0.000000000
     0.000000000
   0
 FCC_A1
 SUBLM
 0.333333     0.280000
 AlVa                            0.000000    0.000000
  22  4           0.00000    0.00000    1.00000
   1   0
    2  153  156  1.00000000
 Al#HSER
     0.000000     0.000000
 FeVa                            0.000000    0.000000
  22  3           1.00000    0.00000    0.00000
   1   0
    6  167  168  1.00000000
 Fe#FCC_A1
 -201.000     -2.10000
 SiVa                            0.000000    0.000000
  22  3           0.00000    1.00000    0.00000
   3   0
   10  175  175 -21.8000000
 #bT
    9  174  174  51000.0000
 #a
    4  161  163  1.00000000
 Si#HSER
     0.000000     0.000000
   2
  1.00000      1.00000
   3   1
 Al                       Fe                       Si
 Va
   1   2   3
   1   1   1
   0
   3
   1   2   4   2
 -76066.1000      18.6758000         0.000000000     0.000000000     0.000000000
     0.000000000
  21167.4000      1.33980000         0.000000000     0.000000000     0.000000000
     0.000000000
   3
   1   3   4   1
 -3423.91000     -.958400000E-01     0.000000000     0.000000000     0.000000000
     0.000000000
   3
   2   3   4   3
 -125247.700      41.1660000         0.000000000     0.000000000     0.000000000
     0.000000000
 -142707.600         0.000000000     0.000000000     0.000000000     0.000000000
     0.000000000
  89907.3000         0.000000000     0.000000000     0.000000000     0.000000000
     0.000000000
   0
 FESI2_H
 SUBL
 FeSi                            0.000000    0.000000
  10  5           3.00000    7.00000    0.00000
   4   0
    4  161  163  7.00000000
 Si#HSER
    7  169  171  3.00000000
 Fe#HSER
   10  175  175 -9.20000000
 #bT
    9  174  174 -196490.000
 #a
 FeAl                            0.000000    0.000000
  10  6           3.00000    0.00000    7.00000
   4   0
    9  174  174 -116934.000
 #a
    2  153  156  7.00000000
 Al#HSER
    7  169  171  3.00000000
 Fe#HSER
   10  175  175  35.0000000
 #bT
   2
  3.00000      7.00000
   1   2
 Fe
 Al                       Si
   1   1
   2   1
   0
 FESI2_L
 SUBL
 FeSi                            0.000000    0.000000
  10  5           1.00000    2.00000    0.00000
   4   0
    7  169  171  1.00000000
 Fe#HSER
   10  175  175  10.4400000
 #bT
    4  161  163  2.00000000
 Si#HSER
    9  174  174 -82149.0000
 #a
 FeAl                            0.000000    0.000000
  10  6           1.00000    0.00000    2.00000
   4   0
    7  169  171  1.00000000
 Fe#HSER
   10  175  175  10.4400000
 #bT
    2  153  156  2.00000000
 Al#HSER
    9  174  174 -69000.0000
 #a
   2
  1.00000      2.00000
   1   2
 Fe
 Al                       Si
   1   1
   2   1
   0
 Al_SER(s)
  10  4           0.00000    0.00000    1.00000
   0   0
 -.194336860E-02  28.2999967
  700.000000      24.3671976     0.376932400E-02 0.526598400E-05 -148184.000
     0.000000000
 1     0.000000000   0.00
  933.470000      38.5844296     -.370639640E-01 0.345853620E-04 -148184.000
     0.000000000
 1     0.000000000   0.00
  2900.00000      31.7481920         0.000000000     0.000000000     0.000000000
     0.000000000
 1 0.110747160E+31 -10.00
  2900.00001      31.7482183         0.000000000     0.000000000     0.000000000
 1     0.000000000   0.00
 Al_BCC_A2(s2)
  10  4           0.00000    0.00000    1.00000
   0   0
  10082.9981      33.1129967
  700.000000      24.3671976     0.376932400E-02 0.526598400E-05 -148184.000
     0.000000000
 1     0.000000000   0.00
  933.470000      38.5844296     -.370639640E-01 0.345853620E-04 -148184.000
     0.000000000
 1     0.000000000   0.00
  2900.00000      31.7481920         0.000000000     0.000000000     0.000000000
     0.000000000
 1 0.110747160E+31 -10.00
  2900.00001      31.7482183         0.000000000     0.000000000     0.000000000
 1     0.000000000   0.00
 Al_HCP_A3(s3)
  10  4           0.00000    0.00000    1.00000
   0   0
  5480.99806      30.0999967
  700.000000      24.3671976     0.376932400E-02 0.526598400E-05 -148184.000
     0.000000000
 1     0.000000000   0.00
  933.470000      38.5844296     -.370639640E-01 0.345853620E-04 -148184.000
     0.000000000
 1     0.000000000   0.00
  2900.00000      31.7481920         0.000000000     0.000000000     0.000000000
     0.000000000
 1 0.110747160E+31 -10.00
  2900.00001      31.7482183         0.000000000     0.000000000     0.000000000
 1     0.000000000   0.00
 Al_liquid(s4)
  10  5           0.00000    0.00000    1.00000
   0   0
  11004.9274      40.1414736
  700.000000      24.3671976     0.376932400E-02 0.526598400E-05 -148184.000
     0.000000000
 1 -.333228000E-17   6.00
  933.470000      38.5844296     -.370639640E-01 0.345853620E-04 -148184.000
     0.000000000
 1 -.333228000E-17   6.00
  2900.00000      31.7481920         0.000000000     0.000000000     0.000000000
     0.000000000
 1 -.428400000E+27 -10.00
  6000.00000         0.000000000     0.000000000     0.000000000     0.000000000
     0.000000000
 1 -.110790000E+31 -10.00
  6000.00001     -.183226404E-07     0.000000000     0.000000000     0.000000000
 1     0.000000000   0.00
 Si_SER(s)
  10  3           0.00000    1.00000    0.00000
   0   0
     0.000000000  18.8100312
  1687.00000      22.8317533     0.382580800E-02 0.213120000E-07 -353334.000
     0.000000000
 1     0.000000000   0.00
  3600.00000      27.1960000         0.000000000     0.000000000     0.000000000
     0.000000000
 1 0.378332100E+33 -10.00
  3600.00001      27.1970348         0.000000000     0.000000000     0.000000000
 1     0.000000000   0.00
 Fe_SER(s)
  10  3           1.00000    0.00000    0.00000
   0   0
  9149.44942      36.8634987
  1811.00000      23.5143000     0.879504000E-02 0.353562000E-06 -154718.000
     0.000000000
 1     0.000000000   0.00
  6000.00000      46.0000000         0.000000000     0.000000000     0.000000000
     0.000000000
 1 -.206642700E+34 -10.00
  6000.00001      45.9999658         0.000000000     0.000000000     0.000000000
 1     0.000000000   0.00
 Al2Fe_AL2FE(s)
  10  6           1.00000    0.00000    2.00000
   0   0
 -88947.4545      74.7131921
  700.000000      72.2486952     0.163336880E-01 0.108855300E-04 -451086.000
     0.000000000
 1     0.000000000   0.00
  933.470000      100.683159     -.653328880E-01 0.695242860E-04 -451086.000
     0.000000000
 1     0.000000000   0.00
  1811.00000      87.0106840     0.879504000E-02 0.353562000E-06 -154718.000
     0.000000000
 1 0.221494320E+31 -10.00
  2900.00000      109.496384         0.000000000     0.000000000     0.000000000
     0.000000000
 1 -.206421206E+34 -10.00
  6000.00000      46.0000000         0.000000000     0.000000000     0.000000000
     0.000000000
 1 -.206642700E+34 -10.00
  6000.00001      45.9999658         0.000000000     0.000000000     0.000000000
 1     0.000000000   0.00
 Al4Fe_AL4MN(s)
  10  6           1.00000    0.00000    4.00000
   0   0
 -122295.558      100.063486
  700.000000      120.983090     0.238723360E-01 0.214174980E-04 -747454.000
     0.000000000
 1     0.000000000   0.00
  933.470000      177.852018     -.139460816     0.138695010E-03 -747454.000
     0.000000000
 1     0.000000000   0.00
  1811.00000      150.507068     0.879504000E-02 0.353562000E-06 -154718.000
     0.000000000
 1 0.442988640E+31 -10.00
  2900.00000      172.992768         0.000000000     0.000000000     0.000000000
     0.000000000
 1 -.206199711E+34 -10.00
  6000.00000      46.0000000         0.000000000     0.000000000     0.000000000
     0.000000000
 1 -.206642700E+34 -10.00
  6000.00001      45.9999658         0.000000000     0.000000000     0.000000000
 1     0.000000000   0.00
 Al6Fe_AL6MN(s)
  10  6           1.00000    0.00000    6.00000
   0   0
 -121834.562      174.663479
  700.000000      169.717486     0.314109840E-01 0.319494660E-04 -1043822.00
     0.000000000
 1     0.000000000   0.00
  933.470000      255.020878     -.213588744     0.207865734E-03 -1043822.00
     0.000000000
 1     0.000000000   0.00
  1811.00000      214.003452     0.879504000E-02 0.353562000E-06 -154718.000
     0.000000000
 1 0.664482960E+31 -10.00
  2900.00000      236.489152         0.000000000     0.000000000     0.000000000
     0.000000000
 1 -.205978217E+34 -10.00
  6000.00000      46.0000000         0.000000000     0.000000000     0.000000000
     0.000000000
 1 -.206642700E+34 -10.00
  6000.00001      45.9999658         0.000000000     0.000000000     0.000000000
 1     0.000000000   0.00
 Al12Fe_AL12MN(s)
  10  6           1.00000    0.00000   12.00000
   0   0
 -96668.5739      342.878659
  700.000000      315.920671     0.540269280E-01 0.635453700E-04 -1932926.00
     0.000000000
 1     0.000000000   0.00
  933.470000      486.527455     -.435972528     0.415377906E-03 -1932926.00
     0.000000000
 1     0.000000000   0.00
  1811.00000      404.492604     0.879504000E-02 0.353562000E-06 -154718.000
     0.000000000
 1 0.132896592E+32 -10.00
  2900.00000      426.978304         0.000000000     0.000000000     0.000000000
     0.000000000
 1 -.205313734E+34 -10.00
  6000.00000      46.0000000         0.000000000     0.000000000     0.000000000
     0.000000000
 1 -.206642700E+34 -10.00
  6000.00001      45.9999658         0.000000000     0.000000000     0.000000000
 1     0.000000000   0.00
 Al5Fe2_AL5FE2(s)
  10  6           2.00000    0.00000    5.00000
   0   0
 -210277.111      166.231951
  700.000000      168.864588     0.364367000E-01 0.270370440E-04 -1050356.00
     0.000000000
 1     0.000000000   0.00
  933.470000      239.950748     -.167729740     0.173633934E-03 -1050356.00
     0.000000000
 1     0.000000000   0.00
  1811.00000      205.769560     0.175900800E-01 0.707124000E-06 -309436.000
     0.000000000
 1 0.553735800E+31 -10.00
  2900.00000      250.740960         0.000000000     0.000000000     0.000000000
     0.000000000
 1 -.412731664E+34 -10.00
  6000.00000      92.0000000         0.000000000     0.000000000     0.000000000
     0.000000000
 1 -.413285400E+34 -10.00
  6000.00001      91.9999317         0.000000000     0.000000000     0.000000000
 1     0.000000000   0.00
 Al11Fe4_AL11MN4(s)
  10  6           4.00000    0.00000   11.00000
   0   0
 -318104.224      355.722959
  700.000000      362.096374     0.766427240E-01 0.593400720E-04 -2248896.00
     0.000000000
 1     0.000000000   0.00
  933.470000      518.485926     -.372523444     0.381853230E-03 -2248896.00
     0.000000000
 1     0.000000000   0.00
  1811.00000      443.287312     0.351801600E-01 0.141424800E-05 -618872.000
     0.000000000
 1 0.121821876E+32 -10.00
  2900.00000      533.230112         0.000000000     0.000000000     0.000000000
     0.000000000
 1 -.825352581E+34 -10.00
  6000.00000      184.000000         0.000000000     0.000000000     0.000000000
     0.000000000
 1 -.826570800E+34 -10.00
  6000.00001      183.999863         0.000000000     0.000000000     0.000000000
 1     0.000000000   0.00
 FeSi_FESI(s)
  10  5           1.00000    1.00000    0.00000
   0   0
 -63611.7514      51.2335299
  1687.00000      46.3460533     0.126208480E-01 0.374874000E-06 -508052.000
     0.000000000
 1     0.000000000   0.00
  1811.00000      50.7103000     0.879504000E-02 0.353562000E-06 -154718.000
     0.000000000
 1 0.378332100E+33 -10.00
  3600.00000      73.1960000         0.000000000     0.000000000     0.000000000
     0.000000000
 1 -.168809490E+34 -10.00
  6000.00000      46.0000000         0.000000000     0.000000000     0.000000000
     0.000000000
 1 -.206642700E+34 -10.00
  6000.00001      45.9999658         0.000000000     0.000000000     0.000000000
 1     0.000000000   0.00
 Fe2Si_FE2SI(s)
  10  5           2.00000    1.00000    0.00000
   0   0
 -52957.7020      103.157029
  1687.00000      69.8603533     0.214158880E-01 0.728436000E-06 -662770.000
     0.000000000
 1     0.000000000   0.00
  1811.00000      74.2246000     0.175900800E-01 0.707124000E-06 -309436.000
     0.000000000
 1 0.378332100E+33 -10.00
  3600.00000      119.196000         0.000000000     0.000000000     0.000000000
     0.000000000
 1 -.375452190E+34 -10.00
  6000.00000      92.0000000         0.000000000     0.000000000     0.000000000
     0.000000000
 1 -.413285400E+34 -10.00
  6000.00001      91.9999317         0.000000000     0.000000000     0.000000000
 1     0.000000000   0.00
 Fe5Si3_FE5SI3(s)
  10  5           5.00000    3.00000    0.00000
   0   0
 -195396.755      238.587587
  1687.00000      186.066760     0.554526240E-01 0.183174600E-05 -1833592.00
     0.000000000
 1     0.000000000   0.00
  1811.00000      199.159500     0.439752000E-01 0.176781000E-05 -773590.000
     0.000000000
 1 0.113499630E+34 -10.00
  3600.00000      311.588000         0.000000000     0.000000000     0.000000000
     0.000000000
 1 -.919713870E+34 -10.00
  6000.00000      230.000000         0.000000000     0.000000000     0.000000000
     0.000000000
 1 -.103321350E+35 -10.00
  6000.00001      229.999829         0.000000000     0.000000000     0.000000000
 1     0.000000000   0.00
 'Al3FeSi2'_ALFESI_DELTA(s)
  10  8        .960000000 2.10000000 2.94000000
   0   0
 -120924.536      136.390015
  700.000000      142.159971     0.275592478E-01 0.158661677E-04 -1326191.64
     0.000000000
 1     0.000000000   0.00
  933.470000      183.958633     -.924906190E-01 0.102065139E-03 -1326191.64
     0.000000000
 1     0.000000000   0.00
  1687.00000      163.860094     0.164774352E-01 0.384174720E-06 -890530.680
     0.000000000
 1 0.325596650E+31 -10.00
  1811.00000      173.025012     0.844323840E-02 0.339419520E-06 -148529.280
     0.000000000
 1 0.797753377E+33 -10.00
  2900.00000      194.611284         0.000000000     0.000000000     0.000000000
     0.000000000
 1 -.118601654E+34 -10.00
  3600.00000      101.271600         0.000000000     0.000000000     0.000000000
     0.000000000
 1 -.118927251E+34 -10.00
  6000.00000      44.1600000         0.000000000     0.000000000     0.000000000
     0.000000000
 1 -.198376992E+34 -10.00
  6000.00001      44.1599672         0.000000000     0.000000000     0.000000000
 1     0.000000000   0.00
 Al8Fe5Si7_ALFESI_TAU(s)
  10  8           5.00000    7.00000    8.00000
   0   0
 -526032.774      457.287685
  700.000000      472.331354     0.100910448     0.440448660E-04 -4432400.00
     0.000000000
 1     0.000000000   0.00
  933.470000      586.069210     -.225755856     0.278599890E-03 -4432400.00
     0.000000000
 1     0.000000000   0.00
  1687.00000      531.379309     0.707558560E-01 0.191699400E-05 -3246928.00
     0.000000000
 1 0.885977280E+31 -10.00
  1811.00000      561.929036     0.439752000E-01 0.176781000E-05 -773590.000
     0.000000000
 1 0.265718447E+34 -10.00
  2900.00000      674.357536         0.000000000     0.000000000     0.000000000
     0.000000000
 1 -.767495053E+34 -10.00
  3600.00000      420.372000         0.000000000     0.000000000     0.000000000
     0.000000000
 1 -.768381030E+34 -10.00
  6000.00000      230.000000         0.000000000     0.000000000     0.000000000
     0.000000000
 1 -.103321350E+35 -10.00
  6000.00001      229.999829         0.000000000     0.000000000     0.000000000
 1     0.000000000   0.00
 'Al28Fe9Si7'_ALFESI_GAMM(s)
  10  8        9.02000000 7.04000000 27.9400000
   0   0
 -1155808.03      991.985286
  700.000000      1053.65403     0.211579862     0.150470759E-03 -8023288.68
     0.000000000
 1     0.000000000   0.00
  933.470000      1450.88349     -.929302205     0.969654180E-03 -8023288.68
     0.000000000
 1     0.000000000   0.00
  1687.00000      1259.87901     0.106264949     0.333916572E-05 -3883027.72
     0.000000000
 1 0.309427565E+32 -10.00
  1811.00000      1290.60331     0.793312608E-01 0.318912924E-05 -1395556.36
     0.000000000
 1 0.269440074E+34 -10.00
  2900.00000      1493.42432         0.000000000     0.000000000     0.000000000
     0.000000000
 1 -.159447708E+35 -10.00
  3600.00000      606.379840         0.000000000     0.000000000     0.000000000
     0.000000000
 1 -.159757136E+35 -10.00
  6000.00000      414.920000         0.000000000     0.000000000     0.000000000
     0.000000000
 1 -.186391715E+35 -10.00
  6000.00001      414.919692         0.000000000     0.000000000     0.000000000
 1     0.000000000   0.00
 Al27Fe13Si10_ALFESI_TAU2(s)
  10  8          13.00000   10.00000   27.00000
   0   0
 -1471657.22      1133.17571
  700.000000      1191.91777     0.254365348     0.146990994E-03 -9545642.00
     0.000000000
 1     0.000000000   0.00
  933.470000      1575.78303     -.848133428     0.938614200E-03 -9545642.00
     0.000000000
 1     0.000000000   0.00
  1687.00000      1391.20462     0.152593600     0.480942600E-05 -5544674.00
     0.000000000
 1 0.299017332E+32 -10.00
  1811.00000      1434.84708     0.114335520     0.459630600E-05 -2011334.00
     0.000000000
 1 0.381322273E+34 -10.00
  2900.00000      1727.16118         0.000000000     0.000000000     0.000000000
     0.000000000
 1 -.230503283E+35 -10.00
  3600.00000      869.960000         0.000000000     0.000000000     0.000000000
     0.000000000
 1 -.230802300E+35 -10.00
  6000.00000      598.000000         0.000000000     0.000000000     0.000000000
     0.000000000
 1 -.268635510E+35 -10.00
  6000.00001      597.999556         0.000000000     0.000000000     0.000000000
 1     0.000000000   0.00
 'Al15Fe16Si12'_ALFESI_TA(s)
  10  8        15.9100000 12.0400000 15.0500000
   0   0
 -1468093.30      986.303990
  700.000000      1015.73315     0.242720141     0.851348271E-04 -8945873.94
     0.000000000
 1     0.000000000   0.00
  933.470000      1229.70249     -.371820843     0.526391466E-03 -8945873.94
     0.000000000
 1     0.000000000   0.00
  1687.00000      1126.81711     0.185991815     0.588176790E-05 -6715704.74
     0.000000000
 1 0.166674476E+32 -10.00
  1811.00000      1179.36264     0.139929086     0.562517142E-05 -2461563.38
     0.000000000
 1 0.457178593E+34 -10.00
  2900.00000      1537.11013         0.000000000     0.000000000     0.000000000
     0.000000000
 1 -.283050676E+35 -10.00
  3600.00000      1059.29984         0.000000000     0.000000000     0.000000000
     0.000000000
 1 -.283217351E+35 -10.00
  6000.00000      731.860000         0.000000000     0.000000000     0.000000000
     0.000000000
 1 -.328768536E+35 -10.00
  6000.00001      731.859456         0.000000000     0.000000000     0.000000000
 1     0.000000000   0.00
