 System Ca-Si-Al-O
    4    5    0    6    6    2    2   37
 Ca                       Si                       Al
 O
    40.07800000              28.08550000              26.98153860
    15.99940000
   6   1   2   3   4   5   6
   6   1   2   3   4   5   6
 Slag-liq
 SUBQ
   3   3
 Al2O3
   4  2    0.0    0.0    2.0    3.0
  2327.0100     -1615242.7      1240.3273     -179.36551     0.45961230E-02
     0.00000000 -487670.41
 2 -68180612.      -2.00 -3313.5479       0.50
  9999.0001     -1750989.1      1342.1160     -192.46400         0.00000000
     0.00000000     0.00000000
 1     0.00000000   0.00
  2.00000      3.00000         0.000000     0.000000     0.000000
  1.65300
 SiO2
   4  2    0.0    1.0    0.0    2.0
  1995.9900     -915415.79      562.19939     -83.513598         0.00000000
     0.00000000  1227680.0
 2 -1498.7720       0.50 -46678699.      -2.00
  9999.0001     -952208.49      564.54913     -85.772000         0.00000000
     0.00000000     0.00000000
 1     0.00000000   0.00
  1.00000      2.00000         0.000000     0.000000     0.000000
  1.83700
 CaO
   4  2    1.0    0.0    0.0    1.0
  2845.1599     -571766.65      348.73580     -58.791171         0.00000000
     0.00000000  573573.05
 2 -535.61610       0.50 -17163136.      -2.00
  9999.0001     -596946.66      379.18008     -62.760000         0.00000000
     0.00000000     0.00000000
 1     0.00000000   0.00
  1.00000      1.00000         0.000000     0.000000     0.000000
  1.37700
   3   1
 Al                       Si                       Ca
 O
  3.00000      4.00000      2.00000
   1   2   1
  2.00000
   2
   1   2   3
   1   1   1
   1   1   4   4  2.0661656      2.0661656      1.3774438      1.3774438
   2   2   4   4  2.7548875      2.7548875      1.3774438      1.3774438
   3   3   4   4  1.3774438      1.3774438      1.3774438      1.3774438
   3
 Q   1   3   4   4   0   0   0   0
     0.00000000   1.00     0.00000000   1.00     0.00000000   1.00
     0.00000000   0.00     0.00000000   0.00     0.00000000   0.00
   0   0 -121163.87      27.195860         0.00000000     0.00000000
     0.00000000     0.00000000
   3
 Q   1   3   4   4   4   0   0   0
     0.00000000   1.00     0.00000000   1.00     0.00000000   1.00
     0.00000000   0.00     0.00000000   0.00     0.00000000   0.00
   0   0 -353674.30      115.05943         0.00000000     0.00000000
     0.00000000     0.00000000
   3
 Q   2   3   4   4   0   0   0   0
     0.00000000   1.00     0.00000000   1.00     0.00000000   1.00
     0.00000000   0.00     0.00000000   0.00     0.00000000   0.00
   0   0 -158217.42      19.455475         0.00000000     0.00000000
     0.00000000     0.00000000
   3
 Q   2   3   4   4   1   0   0   0
     0.00000000   1.00     0.00000000   1.00     0.00000000   1.00
     0.00000000   0.00     0.00000000   0.00     0.00000000   0.00
   0   0 -37931.997         0.00000000     0.00000000     0.00000000
     0.00000000     0.00000000
   3
 Q   2   3   4   4   5   0   0   0
     0.00000000   1.00     0.00000000   1.00     0.00000000   1.00
     0.00000000   0.00     0.00000000   0.00     0.00000000   0.00
   0   0 -90147.924         0.00000000     0.00000000     0.00000000
     0.00000000     0.00000000
   3
 Q   2   3   4   4   7   0   0   0
     0.00000000   1.00     0.00000000   1.00     0.00000000   1.00
     0.00000000   0.00     0.00000000   0.00     0.00000000   0.00
   0   0  439890.86     -133.88800         0.00000000     0.00000000
     0.00000000     0.00000000
   3
 Q   1   2   4   4   0   0   0   0
     0.00000000   1.00     0.00000000   1.00     0.00000000   1.00
     0.00000000   0.00     0.00000000   0.00     0.00000000   0.00
   0   0  4799.8664         0.00000000     0.00000000     0.00000000
     0.00000000     0.00000000
   3
 Q   1   2   4   4   0   3   0   0
     0.00000000   1.00     0.00000000   1.00     0.00000000   1.00
     0.00000000   0.00     0.00000000   0.00     0.00000000   0.00
   0   0  100783.93         0.00000000     0.00000000     0.00000000
     0.00000000     0.00000000
   3
 Q   1   2   4   4   0   5   0   0
     0.00000000   1.00     0.00000000   1.00     0.00000000   1.00
     0.00000000   0.00     0.00000000   0.00     0.00000000   0.00
   0   0 -142067.43         0.00000000     0.00000000     0.00000000
     0.00000000     0.00000000
   3
 Q   1   2   4   4   0   7   0   0
     0.00000000   1.00     0.00000000   1.00     0.00000000   1.00
     0.00000000   0.00     0.00000000   0.00     0.00000000   0.00
   0   0  78571.060         0.00000000     0.00000000     0.00000000
     0.00000000     0.00000000
   3
 Q   1   2   4   4   0   0   1   0
     0.00000000   1.00     0.00000000   1.00     0.00000000   1.00
     0.00000000   0.00     0.00000000   0.00     0.00000000   0.00
   3   0 -48668.204         0.00000000     0.00000000     0.00000000
     0.00000000     0.00000000
   3
 Q   2   3   4   4   0   0   1   0
     0.00000000   1.00     0.00000000   1.00     0.00000000   1.00
     0.00000000   0.00     0.00000000   0.00     0.00000000   0.00
   1   0 -88144.052         0.00000000     0.00000000     0.00000000
     0.00000000     0.00000000
   0
 Slag-liq
 SUBQ
   3   3
 Al2O3
   4  2    0.0    0.0    2.0    3.0
  2327.0100     -1615242.7      1240.3273     -179.36551     0.45961230E-02
     0.00000000 -487670.41
 2 -68180612.      -2.00 -3313.5479       0.50
  9999.0001     -1750989.1      1342.1160     -192.46400         0.00000000
     0.00000000     0.00000000
 1     0.00000000   0.00
  2.00000      3.00000         0.000000     0.000000     0.000000
  1.65300
 SiO2
   4  2    0.0    1.0    0.0    2.0
  1995.9900     -915415.79      562.19939     -83.513598         0.00000000
     0.00000000  1227680.0
 2 -1498.7720       0.50 -46678699.      -2.00
  9999.0001     -952208.49      564.54913     -85.772000         0.00000000
     0.00000000     0.00000000
 1     0.00000000   0.00
  1.00000      2.00000         0.000000     0.000000     0.000000
  1.83700
 CaO
   4  2    1.0    0.0    0.0    1.0
  2845.1599     -571766.65      348.73580     -58.791171         0.00000000
     0.00000000  573573.05
 2 -535.61610       0.50 -17163136.      -2.00
  9999.0001     -596946.66      379.18008     -62.760000         0.00000000
     0.00000000     0.00000000
 1     0.00000000   0.00
  1.00000      1.00000         0.000000     0.000000     0.000000
  1.37700
   3   1
 Al                       Si                       Ca
 O
  3.00000      4.00000      2.00000
   1   2   1
  2.00000
   2
   1   2   3
   1   1   1
   1   1   4   4  2.0661656      2.0661656      1.3774438      1.3774438
   2   2   4   4  2.7548875      2.7548875      1.3774438      1.3774438
   3   3   4   4  1.3774438      1.3774438      1.3774438      1.3774438
   3
 Q   1   3   4   4   0   0   0   0
     0.00000000   1.00     0.00000000   1.00     0.00000000   1.00
     0.00000000   0.00     0.00000000   0.00     0.00000000   0.00
   0   0 -121163.87      27.195860         0.00000000     0.00000000
     0.00000000     0.00000000
   3
 Q   1   3   4   4   4   0   0   0
     0.00000000   1.00     0.00000000   1.00     0.00000000   1.00
     0.00000000   0.00     0.00000000   0.00     0.00000000   0.00
   0   0 -353674.30      115.05943         0.00000000     0.00000000
     0.00000000     0.00000000
   3
 Q   2   3   4   4   0   0   0   0
     0.00000000   1.00     0.00000000   1.00     0.00000000   1.00
     0.00000000   0.00     0.00000000   0.00     0.00000000   0.00
   0   0 -158217.42      19.455475         0.00000000     0.00000000
     0.00000000     0.00000000
   3
 Q   2   3   4   4   1   0   0   0
     0.00000000   1.00     0.00000000   1.00     0.00000000   1.00
     0.00000000   0.00     0.00000000   0.00     0.00000000   0.00
   0   0 -37931.997         0.00000000     0.00000000     0.00000000
     0.00000000     0.00000000
   3
 Q   2   3   4   4   5   0   0   0
     0.00000000   1.00     0.00000000   1.00     0.00000000   1.00
     0.00000000   0.00     0.00000000   0.00     0.00000000   0.00
   0   0 -90147.924         0.00000000     0.00000000     0.00000000
     0.00000000     0.00000000
   3
 Q   2   3   4   4   7   0   0   0
     0.00000000   1.00     0.00000000   1.00     0.00000000   1.00
     0.00000000   0.00     0.00000000   0.00     0.00000000   0.00
   0   0  439890.86     -133.88800         0.00000000     0.00000000
     0.00000000     0.00000000
   3
 Q   1   2   4   4   0   0   0   0
     0.00000000   1.00     0.00000000   1.00     0.00000000   1.00
     0.00000000   0.00     0.00000000   0.00     0.00000000   0.00
   0   0  4799.8664         0.00000000     0.00000000     0.00000000
     0.00000000     0.00000000
   3
 Q   1   2   4   4   0   3   0   0
     0.00000000   1.00     0.00000000   1.00     0.00000000   1.00
     0.00000000   0.00     0.00000000   0.00     0.00000000   0.00
   0   0  100783.93         0.00000000     0.00000000     0.00000000
     0.00000000     0.00000000
   3
 Q   1   2   4   4   0   5   0   0
     0.00000000   1.00     0.00000000   1.00     0.00000000   1.00
     0.00000000   0.00     0.00000000   0.00     0.00000000   0.00
   0   0 -142067.43         0.00000000     0.00000000     0.00000000
     0.00000000     0.00000000
   3
 Q   1   2   4   4   0   7   0   0
     0.00000000   1.00     0.00000000   1.00     0.00000000   1.00
     0.00000000   0.00     0.00000000   0.00     0.00000000   0.00
   0   0  78571.060         0.00000000     0.00000000     0.00000000
     0.00000000     0.00000000
   3
 Q   1   2   4   4   0   0   1   0
     0.00000000   1.00     0.00000000   1.00     0.00000000   1.00
     0.00000000   0.00     0.00000000   0.00     0.00000000   0.00
   3   0 -48668.204         0.00000000     0.00000000     0.00000000
     0.00000000     0.00000000
   3
 Q   2   3   4   4   0   0   1   0
     0.00000000   1.00     0.00000000   1.00     0.00000000   1.00
     0.00000000   0.00     0.00000000   0.00     0.00000000   0.00
   1   0 -88144.052         0.00000000     0.00000000     0.00000000
     0.00000000     0.00000000
   0
 tetra
 QKTO
 CaO
   4  2    1.0    0.0    0.0    1.0
  2845.1600     -632016.25      376.67656     -58.791171         0.00000000
     0.00000000  573572.99
 2 -535.61600       0.50 -17163131.      -2.00
  3500.0001     -657196.26      407.12084     -62.760000         0.00000000
     0.00000000     0.00000000
 1     0.00000000   0.00
  1.00000      1
 (Al2O3):2
   4  2    0.0    0.0    1.0 1.5000
  2327.0100     -768300.71      549.97910     -77.509441         0.00000000
     0.00000000  965340.75
 2 -1656.7740       0.50 -34090304.      -2.00
  3500.0001     -851018.13      696.49991     -96.232000         0.00000000
     0.00000000     0.00000000
 1     0.00000000   0.00
  1.00000      1
   0
 Cubic
 QKTO
 CaO
   4  2    1.0    0.0    0.0    1.0
  2845.1600     -634526.65      376.67656     -58.791171         0.00000000
     0.00000000  573572.99
 2 -535.61600       0.50 -17163131.      -2.00
  3500.0001     -659706.66      407.12084     -62.760000         0.00000000
     0.00000000     0.00000000
 1     0.00000000   0.00
  1.00000      1
 (Al2O3):2
   4  2    0.0    0.0    1.0 1.5000
  2327.0100     -768300.71      549.97910     -77.509441         0.00000000
     0.00000000  965340.75
 2 -1656.7740       0.50 -34090304.      -2.00
  3500.0001     -851018.13      696.49991     -96.232000         0.00000000
     0.00000000     0.00000000
 1     0.00000000   0.00
  1.00000      1
   0
 O2(g)(s)
   4  4    0.0    0.0    0.0    2.0
  1000.0000     -5219.3323     -12.179856     -26.924057     -.84893408E-02
 0.11276942E-05 -114664.63
 1 -316.64663       0.50
  4000.0000     -389938.78      638.67679     -89.681327     0.72372244E-03
     0.00000000  9341343.0
 2 -16506.149       0.50  95803.960      99.00
  6000.0000     -8951196.8      2742.7612     -249.17312         0.00000000
     0.00000000 0.59248921E+09
 2 -139742.68       0.50  1674792.2      99.00
  6000.0000     -42014.275      116.92401     -44.371526         0.00000000
     0.00000000     0.00000000
 1     0.00000000   0.00
 Al_solid(s)
   4  2    0.0    0.0    1.0    0.0
  1200.0000      2174.8188      262.98630     -45.924818         0.00000000
 -.26162145E-05     0.00000000
 3 -2850.4189      99.00  1.0292234       1.50  990911.72      -2.00
  1201.0000     -10524.175      188.12050     -31.751000         0.00000000
     0.00000000     0.00000000
 1     0.00000000   0.00
 Al2O3_gamma(s)
   4  3    0.0    0.0    2.0    3.0
  1200.0000     -1354204.2     -619.53744      15.733273     -.14974255E-01
     0.00000000 -2497634.5
 2  28273.406       0.50 -112109.37      99.00
  2327.0000      4225304.8     -9185.7772      787.51538     -.32938713E-01
     0.00000000 -.13190819E+09
 2  267542.91       0.50 -1525527.4      99.00
  3000.0000     -1837991.0      1379.9155     -192.46400         0.00000000
     0.00000000     0.00000000
 1     0.00000000   0.00
 Al2O3_delta(s2)
   4  3    0.0    0.0    2.0    3.0
  1200.0000     -1368652.8     -609.15404      15.528478     -.14735880E-01
     0.00000000 -2458065.1
 2  27823.164       0.50 -110319.62      99.00
  2327.0000      2217319.5     -3971.3489      288.35088         0.00000000
 -.95877182E-06 -93660576.
 2  150763.69       0.50 -967134.34      99.00
  3000.0000     -1851944.9      1385.6862     -192.46400         0.00000000
     0.00000000     0.00000000
 1     0.00000000   0.00
 Al2O3_kappa(s3)
   4  3    0.0    0.0    2.0    3.0
  1100.0000     -1737476.8      618.94960     -103.93990     -.69397450E-02
     0.00000000  4571227.1
 2  2238.9803       0.50 -.19043842E+09  -2.00
  2327.0000      1996439.3     -5512.9238      452.67670     -.21877016E-01
     0.00000000 -79903214.
 2  168810.89       0.50 -957656.86      99.00
  3000.0000     -1849802.3      1384.6979     -192.46400         0.00000000
     0.00000000     0.00000000
 1     0.00000000   0.00
 Al2O3_corundum(alpha(s4)
   4  2    0.0    0.0    2.0    3.0
  2327.0100     -1703961.4      1099.9582     -155.01888         0.00000000
     0.00000000  1930681.5
 2 -3313.5479       0.50 -68180608.      -2.00
  3000.0000     -1869396.2      1392.9998     -192.46400         0.00000000
     0.00000000     0.00000000
 1     0.00000000   0.00
 Si_solid(s)
   1  3    0.0    1.0    0.0    0.0
  1685.0000     -8156.5396      137.08626     -22.809187     -.19353432E-02
     0.00000000  176496.04
  2500.0000     -7247.8170      131.65734     -22.103566     -.21078338E-02
     0.00000000     0.00000000
  2500.0000     -20421.778      214.11629     -32.642735         0.00000000
     0.00000000     0.00000000
 SiO2_Quartz(l)(s)
   4  3    0.0    1.0    0.0    2.0
  373.00000     -935388.52      536.02534     -80.011992         0.00000000
     0.00000000  1773342.0
 2 -961.10400       0.50 -81928062.      -2.00
  848.02000     -935486.56      537.07569     -80.011992     -.42200109E-02
 0.75354502E-05  1773342.0
 3 -.50458705E-08   4.00 -961.10400       0.50 -81928062.      -2.00
  850.00010     -876151.34     -104.03379     -.41840000E-01     0.00000000
     0.00000000     0.00000000
 1     0.00000000   0.00
 SiO2_Quartz(h)(s2)
   4  2    0.0    1.0    0.0    2.0
  1995.9900     -933315.35      533.27854     -80.011992         0.00000000
     0.00000000  1773342.0
 2 -961.10400       0.50 -81928062.      -2.00
  3000.0000     -964566.44      571.62748     -85.772000         0.00000000
     0.00000000     0.00000000
 1     0.00000000   0.00
 SiO2_Tridymite(l)(s3)
   4  2    0.0    1.0    0.0    2.0
  390.15000     -945992.95      500.41935     -75.372668     -.91038535E-01
 0.20563620E-03  2979047.5
 2 -.17418275E-06   4.00 -.15970769E+09  -2.00
  392.15010     -902938.32     -57.078246     -.41840000E-01     0.00000000
     0.00000000     0.00000000
 1     0.00000000   0.00
 SiO2_Tridymite(h)(s4)
   4  2    0.0    1.0    0.0    2.0
  1991.2800     -944111.18      480.75283     -75.372668         0.00000000
     0.00000000  2979047.5
 1 -.15970769E+09  -2.00
  3000.0000     -961947.90      569.44018     -85.772000         0.00000000
     0.00000000     0.00000000
 1     0.00000000   0.00
 SiO2_Cristobalite(l)(s5)
   4  2    0.0    1.0    0.0    2.0
  535.15000     -926547.68      571.80289     -83.513598     -.10104998E-01
 0.20917698E-04  1227680.0
 3 -.16237635E-07   4.00 -1498.7720       0.50 -46678699.      -2.00
  537.15010     -894636.82     -74.954091     -.41840000E-01     0.00000000
     0.00000000     0.00000000
 1     0.00000000   0.00
 SiO2_Cristobalite(h)(s6)
   4  2    0.0    1.0    0.0    2.0
  1995.9900     -924997.14      566.99970     -83.513598         0.00000000
     0.00000000  1227680.0
 2 -1498.7720       0.50 -46678699.      -2.00
  3000.0000     -961789.84      569.34944     -85.772000         0.00000000
     0.00000000     0.00000000
 1     0.00000000   0.00
 SiO2_coesite(s7)
   4  2    0.0    1.0    0.0    2.0
  3000.0000     -905834.72      514.41668     -78.000011         0.00000000
     0.00000000  1550000.5
 2 -97633361.      -2.00 -6688.9985      99.00
  3000.0000     -944042.27      489.03404     -75.447597         0.00000000
     0.00000000     0.00000000
 1     0.00000000   0.00
 SiO2_stishovite(s8)
   4  2    0.0    1.0    0.0    2.0
  3000.0000     -993685.73      353.06158     -58.119986     -.35009997E-02
     0.00000000  6294493.3
 2 -.29879966E+09  -2.00  17010.010      99.00
  3000.0000     -914932.50      565.30233     -83.463611         0.00000000
     0.00000000     0.00000000
 1     0.00000000   0.00
 Si2Al2O7_solid(s)
   1  2    0.0    2.0    2.0    7.0
  1800.0000     -3286163.2      1419.7663     -229.49240     -.18409600E-01
     0.00000000  728016.00
  1800.0000     -3344192.5      1912.4875     -295.31757         0.00000000
     0.00000000     0.00000000
 Ca_Solid_Alpha(s)
   4  3    1.0    0.0    0.0    0.0
  1100.0000     -20289.826      5.7135695     -7.2407205     -.15879227E-01
 0.53889390E-06  89714.089
 1  3437.1206      99.00
  1500.0000     -90294.540     -138.06623      10.498266     -.18904688E-01
     0.00000000  2230770.0
 1  16851.838      99.00
  1501.0000     -6642.6635      193.69992     -35.000000         0.00000000
     0.00000000     0.00000000
 1     0.00000000   0.00
 CaO_Lime(s)
   4  2    1.0    0.0    0.0    1.0
  2845.1600     -651262.66      376.67656     -58.791171         0.00000000
     0.00000000  573572.99
 2 -535.61600       0.50 -17163131.      -2.00
  3500.0000     -676442.67      407.12084     -62.760000         0.00000000
     0.00000000     0.00000000
 1     0.00000000   0.00
 CaAl2O4_solid(s)
   4  2    1.0    0.0    2.0    4.0
  1877.0000     -2336571.1      1603.1206     -227.04000         0.00000000
     0.00000000  280400.01
 2 -6676.3999       0.50  14256667.      -2.00
  1877.0000     -2408249.8      1195.6057     -188.34222         0.00000000
     0.00000000     0.00000000
 1     0.00000000   0.00
 CaAl4O7_solid(s)
   4  2    1.0    0.0    4.0    7.0
  2038.0000     -4097286.1      2253.3641     -337.98000         0.00000000
     0.00000000  6056300.0
 2 -4088.7999       0.50 -.25176667E+09  -2.00
  2038.0000     -4132091.3      1987.9039     -312.59919         0.00000000
     0.00000000     0.00000000
 1     0.00000000   0.00
 CaAl12O19_solid(s)
   4  2    1.0    0.0   12.0   19.0
  2106.0000     -10888744.      6990.9079     -992.73500         0.00000000
     0.00000000  14073900.
 2 -21400.121       0.50 -.62450183E+09  -2.00
  2106.0000     -11108799.      5694.5445     -870.20894         0.00000000
     0.00000000     0.00000000
 1     0.00000000   0.00
 Ca3Al2O6_solid(s)
   4  2    3.0    0.0    2.0    6.0
  1814.0000     -3655463.3      2119.2462     -321.58000         0.00000000
     0.00000000  2890650.1
 2 -5021.6000       0.50 -.11020333E+09  -2.00
  1814.0000     -3702859.5      1794.8157     -290.45820         0.00000000
     0.00000000     0.00000000
 1     0.00000000   0.00
 CaSiO3_Wollastonite(s)
   4  2    1.0    1.0    0.0    3.0
  2000.0000     -1664832.9      1013.0608     -149.07266         0.00000000
     0.00000000  1829674.0
 2 -2761.1799       0.50 -80724904.      -2.00
  2002.0000     -1719540.3      959.10938     -146.44000         0.00000000
     0.00000000     0.00000000
 1     0.00000000   0.00
 CaSiO3_Ps-wollastoni(s2)
   4  2    1.0    1.0    0.0    3.0
  1813.0000     -1667538.6      927.91302     -141.15611         0.00000000
     0.00000000  2928797.5
 2 -1668.9280       0.50 -.15678916E+09  -2.00
  1815.0000     -1709561.4      952.40428     -146.44000         0.00000000
     0.00000000     0.00000000
 1     0.00000000   0.00
 Ca2SiO4_Gamma(olivine(s)
   4  2    2.0    1.0    0.0    4.0
  2500.0000     -2309731.1      1747.5334     -243.66021         0.00000000
     0.00000000     0.00000000
 2 -5126356.0      -2.00 -8137.6857       0.50
  2500.0000     -2411459.6      1307.1380     -202.97375         0.00000000
     0.00000000     0.00000000
 1     0.00000000   0.00
 Ca2SiO4_Alpha-prime(s2)
   4  3    2.0    1.0    0.0    4.0
  1710.0000     -2331645.9      1371.8996     -210.48876         0.00000000
     0.00000000  3994699.9
 2 -.21624666E+09  -2.00 -2807.6001       0.50
  5000.0000     -2246145.9      949.68725     -160.48877         0.00000000
     0.00000000  3994699.9
 2 -.21624666E+09  -2.00 -2807.6001       0.50
  5000.0000     -2292659.8      832.26438     -150.25321         0.00000000
     0.00000000     0.00000000
 1     0.00000000   0.00
 Ca2SiO4_Alpha(s3)
   4  2    2.0    1.0    0.0    4.0
  5000.0000     -2241869.1      947.18611     -160.48877         0.00000000
     0.00000000  3994699.9
 2 -.21624666E+09  -2.00 -2807.6001       0.50
  5000.0000     -2288383.0      829.76324     -150.25321         0.00000000
     0.00000000     0.00000000
 1     0.00000000   0.00
 Ca3SiO5_Hatrurite(s)
   4  2    3.0    1.0    0.0    5.0
  2500.0000     -2896017.0      1224.9602     -209.98832         0.00000000
     0.00000000     0.00000000
 1 -2018.4116       0.50
  2500.0000     -2921247.1      1115.7233     -199.89626         0.00000000
     0.00000000     0.00000000
 1     0.00000000   0.00
 Ca3Si2O7_Rankinite(s)
   4  2    3.0    2.0    0.0    7.0
  5000.0000     -4019610.6      2723.0996     -392.84876         0.00000000
     0.00000000  5329997.8
 2 -8800.2633       0.50 -.22893152E+09  -2.00
  5000.0000     -4170997.2      2360.5948     -361.31972         0.00000000
     0.00000000     0.00000000
 1     0.00000000   0.00
 O2(g)                   #
   4  4    0.0    0.0    0.0    2.0
  1000.0000     -5219.3324     -12.179856     -26.924057     -.84893408E-02
 0.11276942E-05 -114664.63
 1 -316.64663       0.50
  4000.0000     -389938.78      638.67678     -89.681327     0.72372244E-03
     0.00000000  9341343.0
 2 -16506.149       0.50  95803.960      99.00
  6000.0000     -8951197.1      2742.7612     -249.17312         0.00000000
     0.00000000 0.59248921E+09
 2 -139742.68       0.50  1674792.2      99.00
  6000.0000     -42014.302      116.92408     -44.371534         0.00000000
     0.00000000     0.00000000
 1     0.00000000   0.00
 Al_solid(s)             #
   4  2    0.0    0.0    1.0    0.0
  1200.0000      2174.8191      262.98630     -45.924818         0.00000000
 -.26162145E-05     0.00000000
 3 -2850.4189      99.00  1.0292234       1.50  990911.72      -2.00
  1201.0000     -10524.175      188.12050     -31.751000         0.00000000
     0.00000000     0.00000000
 1     0.00000000   0.00
 Si_solid(s)             #
   1  3    0.0    1.0    0.0    0.0
  1685.0000     -8156.5395      137.08626     -22.809187     -.19353432E-02
     0.00000000  176496.04
  2500.0000     -7247.8181      131.65735     -22.103566     -.21078338E-02
     0.00000000     0.00000000
  2500.0000     -20421.779      214.11629     -32.642735         0.00000000
     0.00000000     0.00000000
 Ca_Solid_Alpha(s)       #
   4  3    1.0    0.0    0.0    0.0
  1100.0000     -20289.826      5.7135695     -7.2407205     -.15879227E-01
 0.53889390E-06  89714.089
 1  3437.1206      99.00
  1500.0000     -90294.540     -138.06623      10.498266     -.18904688E-01
     0.00000000  2230770.0
 1  16851.838      99.00
  1501.0000     -6642.6644      193.69992     -35.000000         0.00000000
     0.00000000     0.00000000
 1     0.00000000   0.00
 Ca(s)                   #
   1  1    1.0    0.0    0.0    0.0
  6001.0000         0.00000000     0.00000000     0.00000000     0.00000000
     0.00000000     0.00000000
 Al(s)                   #
   1  1    0.0    0.0    1.0    0.0
  6001.0000         0.00000000     0.00000000     0.00000000     0.00000000
     0.00000000     0.00000000
 Si(s)                   #
   1  1    0.0    1.0    0.0    0.0
  6001.0000         0.00000000     0.00000000     0.00000000     0.00000000
     0.00000000     0.00000000
 O(s)                    #
   1  1    0.0    0.0    0.0    1.0
  6001.0000         0.00000000     0.00000000     0.00000000     0.00000000
     0.00000000     0.00000000
