 System Ca-Si-Al-O                                                           L F
   14    0    0    0
 Al2O3#Slag_0002
    2
 -1596353.32      43.5690296
  2327.01000      179.365507     -.919224591E-02     0.000000000  975340.817
 2  409083671.      -3.00 -828.386980      -0.50
  9999.00000      192.464000         0.000000000     0.000000000     0.000000000
 1     0.000000000   0.00
 SiO2#Slag_0003
    2
 -896795.882      50.8291022
  1995.99000      83.5135981         0.000000000     0.000000000 -2455359.98
 2 -374.692999      -0.50  280072194.      -3.00
  9999.00000      85.7720000         0.000000000     0.000000000     0.000000000
 1     0.000000000   0.00
 CaO#Slag_0006
    2
 -555593.988      65.6907581
  2845.15990      58.7911706         0.000000000     0.000000000 -1147146.11
 2 -133.904025      -0.50  102978817.      -3.00
  9999.00000      62.7600000         0.000000000     0.000000000     0.000000000
 1     0.000000000   0.00
 CaO#TETR_0001
    2
 -635089.988      37.7499961
  2845.16000      58.7911706         0.000000000     0.000000000 -1147145.98
 2 -133.904000      -0.50  102978788.      -3.00
  3500.00000      62.7600000         0.000000000     0.000000000     0.000000000
 1     0.000000000   0.00
 CaO#TETR_0001A
    1
  19246.4000         0.000000000
  3500.00000         0.000000000     0.000000000     0.000000000     0.000000000
 1     0.000000000   0.00
 Al2O3#TETR_0004
    2
 -1675699.99      50.8199853
  2327.01000      155.018882         0.000000000     0.000000000 -3861363.02
 2 -828.386980      -0.50  409083646.      -3.00
  3000.00000      192.464000         0.000000000     0.000000000     0.000000000
 1     0.000000000   0.00
 Al2O3#TETR_0004A
    1
  167360.000         0.000000000
  3000.00000         0.000000000     0.000000000     0.000000000     0.000000000
 1     0.000000000   0.00
 CaO#CUBC_0001
    2
 -635089.988      37.7499961
  2845.16000      58.7911706         0.000000000     0.000000000 -1147145.98
 2 -133.904000      -0.50  102978788.      -3.00
  3500.00000      62.7600000         0.000000000     0.000000000     0.000000000
 1     0.000000000   0.00
 CaO#CUBC_0001A
    1
  16736.0000         0.000000000
  3500.00000         0.000000000     0.000000000     0.000000000     0.000000000
 1     0.000000000   0.00
 Al2O3#CUBC_0004
    2
 -1675699.99      50.8199853
  2327.01000      155.018882         0.000000000     0.000000000 -3861363.02
 2 -828.386980      -0.50  409083646.      -3.00
  3000.00000      192.464000         0.000000000     0.000000000     0.000000000
 1     0.000000000   0.00
 Al2O3#CUBC_0004A
    1
  167360.000         0.000000000
  3000.00000         0.000000000     0.000000000     0.000000000     0.000000000
 1     0.000000000   0.00
 CaO#MeO__0002
    2
 -635089.988      37.7499961
  2845.16000      58.7911706         0.000000000     0.000000000 -1147145.98
 2 -133.904000      -0.50  102978788.      -3.00
  3500.00000      62.7600000         0.000000000     0.000000000     0.000000000
 1     0.000000000   0.00
 Al2O3#MeO__0004
    2
 -1675699.99      50.8199853
  2327.01000      155.018882         0.000000000     0.000000000 -3861363.02
 2 -828.386980      -0.50  409083646.      -3.00
  3000.00000      192.464000         0.000000000     0.000000000     0.000000000
 1     0.000000000   0.00
 Al2O3#MeO__0004A
    1
  77404.0000         0.000000000
  3000.00000         0.000000000     0.000000000     0.000000000     0.000000000
 1     0.000000000   0.00
    4    6    0    6    6    2    2    2   25
 Ca                       Si                       Al
 O
    40.07800000              28.08550000              26.98153860
    15.99940000
   6   1   2   3   4   5   6
   6   1   2   3   4   5   6
 Slag-liq
 SUBQ
   3   3
 Al2O3                           0.000000    0.000000
  10  2           0.00000    0.00000    2.00000    3.00000
   1   0
    5   27   28  1.00000000
 Al2O3#Slag_0002
  2.00000      3.00000         0.000000     0.000000     0.000000
  1.65293
 SiO2                            0.000000    0.000000
  10  2           0.00000    1.00000    0.00000    2.00000
   1   0
    8   32   33  1.00000000
 SiO2#Slag_0003
  1.00000      2.00000         0.000000     0.000000     0.000000
  1.83659
 CaO                             0.000000    0.000000
  10  2           1.00000    0.00000    0.00000    1.00000
   1   0
   12   39   40  1.00000000
 CaO#Slag_0006
  1.00000      1.00000         0.000000     0.000000     0.000000
  1.37744
   3   1
 Al                       Si                       Ca
 O
  3.00000      4.00000      2.00000
   1   2   1
  2.00000
   2
   1   2   3
   1   1   1
   1   1   4   4  2.06616563      2.06616563      1.37744375      1.37744375
   2   2   4   4  2.75488750      2.75488750      1.37744375      1.37744375
   3   3   4   4  1.37744375      1.37744375      1.37744375      1.37744375
   3
 Q   1   2   4   4   0   0   0   0
     0.000000000   1.00     0.000000000   2.00     0.000000000   3.00
     0.000000000   0.00     0.000000000   0.00     0.000000000   0.00
   0   0  4799.86639         0.000000000     0.000000000     0.000000000
     0.000000000     0.000000000
   3
 Q   1   2   4   4   0   3   0   0
     0.000000000   1.00     0.000000000   2.00     0.000000000   3.00
     0.000000000   0.00     0.000000000   0.00     0.000000000   0.00
   0   0  100783.928         0.000000000     0.000000000     0.000000000
     0.000000000     0.000000000
   3
 Q   1   2   4   4   0   5   0   0
     0.000000000   1.00     0.000000000   2.00     0.000000000   3.00
     0.000000000   0.00     0.000000000   0.00     0.000000000   0.00
   0   0 -142067.427         0.000000000     0.000000000     0.000000000
     0.000000000     0.000000000
   3
 Q   1   2   4   4   0   7   0   0
     0.000000000   1.00     0.000000000   2.00     0.000000000   3.00
     0.000000000   0.00     0.000000000   0.00     0.000000000   0.00
   0   0  78571.0599         0.000000000     0.000000000     0.000000000
     0.000000000     0.000000000
   3
 Q   2   3   4   4   0   0   0   0
     0.000000000   1.00     0.000000000   2.00     0.000000000   3.00
     0.000000000   0.00     0.000000000   0.00     0.000000000   0.00
   0   0 -158217.420      19.4554749         0.000000000     0.000000000
     0.000000000     0.000000000
   3
 Q   2   3   4   4   1   0   0   0
     0.000000000   1.00     0.000000000   2.00     0.000000000   3.00
     0.000000000   0.00     0.000000000   0.00     0.000000000   0.00
   0   0 -37931.9967         0.000000000     0.000000000     0.000000000
     0.000000000     0.000000000
   3
 Q   2   3   4   4   5   0   0   0
     0.000000000   1.00     0.000000000   2.00     0.000000000   3.00
     0.000000000   0.00     0.000000000   0.00     0.000000000   0.00
   0   0 -90147.9243         0.000000000     0.000000000     0.000000000
     0.000000000     0.000000000
   3
 Q   2   3   4   4   7   0   0   0
     0.000000000   1.00     0.000000000   2.00     0.000000000   3.00
     0.000000000   0.00     0.000000000   0.00     0.000000000   0.00
   0   0  439890.865     -133.888000         0.000000000     0.000000000
     0.000000000     0.000000000
   3
 Q   1   3   4   4   0   0   0   0
     0.000000000   1.00     0.000000000   2.00     0.000000000   3.00
     0.000000000   0.00     0.000000000   0.00     0.000000000   0.00
   0   0 -121163.866      27.1958603         0.000000000     0.000000000
     0.000000000     0.000000000
   3
 Q   1   3   4   4   4   0   0   0
     0.000000000   1.00     0.000000000   2.00     0.000000000   3.00
     0.000000000   0.00     0.000000000   0.00     0.000000000   0.00
   0   0 -353674.302      115.059427         0.000000000     0.000000000
     0.000000000     0.000000000
   3
 Q   1   2   4   4   0   0   1   0
     0.000000000   1.00     0.000000000   2.00     0.000000000   3.00
     0.000000000   0.00     0.000000000   0.00     0.000000000   0.00
   3   0 -48668.2043         0.000000000     0.000000000     0.000000000
     0.000000000     0.000000000
   3
 Q   2   3   4   4   0   0   2   0
     0.000000000   1.00     0.000000000   2.00     0.000000000   3.00
     0.000000000   0.00     0.000000000   0.00     0.000000000   0.00
   1   0 -88144.0519         0.000000000     0.000000000     0.000000000
     0.000000000     0.000000000
   0
 Slag-liq
 SUBQ
   3   3
 Al2O3                           0.000000    0.000000
  10  2           0.00000    0.00000    2.00000    3.00000
   1   0
    5   27   28  1.00000000
 Al2O3#Slag_0002
  2.00000      3.00000         0.000000     0.000000     0.000000
  1.65293
 SiO2                            0.000000    0.000000
  10  2           0.00000    1.00000    0.00000    2.00000
   1   0
    8   32   33  1.00000000
 SiO2#Slag_0003
  1.00000      2.00000         0.000000     0.000000     0.000000
  1.83659
 CaO                             0.000000    0.000000
  10  2           1.00000    0.00000    0.00000    1.00000
   1   0
   12   39   40  1.00000000
 CaO#Slag_0006
  1.00000      1.00000         0.000000     0.000000     0.000000
  1.37744
   3   1
 Al                       Si                       Ca
 O
  3.00000      4.00000      2.00000
   1   2   1
  2.00000
   2
   1   2   3
   1   1   1
   1   1   4   4  2.06616563      2.06616563      1.37744375      1.37744375
   2   2   4   4  2.75488750      2.75488750      1.37744375      1.37744375
   3   3   4   4  1.37744375      1.37744375      1.37744375      1.37744375
   3
 Q   1   2   4   4   0   0   0   0
     0.000000000   1.00     0.000000000   2.00     0.000000000   3.00
     0.000000000   0.00     0.000000000   0.00     0.000000000   0.00
   0   0  4799.86639         0.000000000     0.000000000     0.000000000
     0.000000000     0.000000000
   3
 Q   1   2   4   4   0   3   0   0
     0.000000000   1.00     0.000000000   2.00     0.000000000   3.00
     0.000000000   0.00     0.000000000   0.00     0.000000000   0.00
   0   0  100783.928         0.000000000     0.000000000     0.000000000
     0.000000000     0.000000000
   3
 Q   1   2   4   4   0   5   0   0
     0.000000000   1.00     0.000000000   2.00     0.000000000   3.00
     0.000000000   0.00     0.000000000   0.00     0.000000000   0.00
   0   0 -142067.427         0.000000000     0.000000000     0.000000000
     0.000000000     0.000000000
   3
 Q   1   2   4   4   0   7   0   0
     0.000000000   1.00     0.000000000   2.00     0.000000000   3.00
     0.000000000   0.00     0.000000000   0.00     0.000000000   0.00
   0   0  78571.0599         0.000000000     0.000000000     0.000000000
     0.000000000     0.000000000
   3
 Q   2   3   4   4   0   0   0   0
     0.000000000   1.00     0.000000000   2.00     0.000000000   3.00
     0.000000000   0.00     0.000000000   0.00     0.000000000   0.00
   0   0 -158217.420      19.4554749         0.000000000     0.000000000
     0.000000000     0.000000000
   3
 Q   2   3   4   4   1   0   0   0
     0.000000000   1.00     0.000000000   2.00     0.000000000   3.00
     0.000000000   0.00     0.000000000   0.00     0.000000000   0.00
   0   0 -37931.9967         0.000000000     0.000000000     0.000000000
     0.000000000     0.000000000
   3
 Q   2   3   4   4   5   0   0   0
     0.000000000   1.00     0.000000000   2.00     0.000000000   3.00
     0.000000000   0.00     0.000000000   0.00     0.000000000   0.00
   0   0 -90147.9243         0.000000000     0.000000000     0.000000000
     0.000000000     0.000000000
   3
 Q   2   3   4   4   7   0   0   0
     0.000000000   1.00     0.000000000   2.00     0.000000000   3.00
     0.000000000   0.00     0.000000000   0.00     0.000000000   0.00
   0   0  439890.865     -133.888000         0.000000000     0.000000000
     0.000000000     0.000000000
   3
 Q   1   3   4   4   0   0   0   0
     0.000000000   1.00     0.000000000   2.00     0.000000000   3.00
     0.000000000   0.00     0.000000000   0.00     0.000000000   0.00
   0   0 -121163.866      27.1958603         0.000000000     0.000000000
     0.000000000     0.000000000
   3
 Q   1   3   4   4   4   0   0   0
     0.000000000   1.00     0.000000000   2.00     0.000000000   3.00
     0.000000000   0.00     0.000000000   0.00     0.000000000   0.00
   0   0 -353674.302      115.059427         0.000000000     0.000000000
     0.000000000     0.000000000
   3
 Q   1   2   4   4   0   0   1   0
     0.000000000   1.00     0.000000000   2.00     0.000000000   3.00
     0.000000000   0.00     0.000000000   0.00     0.000000000   0.00
   3   0 -48668.2043         0.000000000     0.000000000     0.000000000
     0.000000000     0.000000000
   3
 Q   2   3   4   4   0   0   2   0
     0.000000000   1.00     0.000000000   2.00     0.000000000   3.00
     0.000000000   0.00     0.000000000   0.00     0.000000000   0.00
   1   0 -88144.0519         0.000000000     0.000000000     0.000000000
     0.000000000     0.000000000
   0
 tetra
 QKTO
 CaO                             0.000000    0.000000
  10  2           1.00000    0.00000    0.00000    1.00000
   2   0
   13   41   42  1.00000000
 CaO#TETR_0001
   14   43   43  1.00000000
 CaO#TETR_0001A
  1.00000      1
 (Al2O3):2                       0.000000    0.000000
  10  2           0.00000    0.00000    1.00000 1.50000000
   2   0
    6   29   30 0.500000000
 Al2O3#TETR_0004
    7   31   31 0.500000000
 Al2O3#TETR_0004A
  1.00000      1
   0
 Cubic
 QKTO
 CaO                             0.000000    0.000000
  10  2           1.00000    0.00000    0.00000    1.00000
   2   0
    9   34   35  1.00000000
 CaO#CUBC_0001
   10   36   36  1.00000000
 CaO#CUBC_0001A
  1.00000      1
 (Al2O3):2                       0.000000    0.000000
  10  2           0.00000    0.00000    1.00000 1.50000000
   2   0
    1   21   22 0.500000000
 Al2O3#CUBC_0004
    2   23   23 0.500000000
 Al2O3#CUBC_0004A
  1.00000      1
   0
 Monoxide
 QKTOM
 0.333333     0.280000
 CaO                             0.000000    0.000000
  22  2           1.00000    0.00000    0.00000    1.00000
   1   0
   11   37   38  1.00000000
 CaO#MeO__0002
     0.000000     0.000000
  1.00000      2
 (Al2O3):2                       0.000000    0.000000
  22  2           0.00000    0.00000    1.00000 1.50000000
   2   0
    3   24   25 0.500000000
 Al2O3#MeO__0004
    4   26   26 0.500000000
 Al2O3#MeO__0004A
     0.000000     0.000000
  1.00000      2
   0
   0
 Al2O3_gamma(s)
  10  3           0.00000    0.00000    2.00000    3.00000
   0   0
 -1656864.00      52.3000000
  1200.00000     -15.7332729     0.299485104E-01     0.000000000  4995269.05
     0.000000000
 2  7068.35148      -0.50 -112109.369      -1.00
  2327.00000     -787.515382     0.658774264E-01     0.000000000  263816375.
     0.000000000
 2  66885.7280      -0.50 -1525527.44      -1.00
  3000.00000      192.464000         0.000000000     0.000000000     0.000000000
 1     0.000000000   0.00
 Al2O3_delta(s2)
  10  3           0.00000    0.00000    2.00000    3.00000
   0   0
 -1666487.00      50.6259996
  1200.00000     -15.5284783     0.294717608E-01     0.000000000  4916130.24
     0.000000000
 2  6955.79107      -0.50 -110319.623      -1.00
  2327.00000     -288.350883         0.000000000 0.575263091E-05  187321152.
     0.000000000
 2  37690.9230      -0.50 -967134.335      -1.00
  3000.00000      192.464000         0.000000000     0.000000000     0.000000000
 1     0.000000000   0.00
 Al2O3_kappa(s3)
  10  3           0.00000    0.00000    2.00000    3.00000
   0   0
 -1662303.00      53.5549996
  1100.00000      103.939899     0.138794899E-01     0.000000000 -9142454.13
     0.000000000
 2  559.745074      -0.50 0.114263054E+10  -3.00
  2327.00000     -452.676697     0.437540317E-01     0.000000000  159806429.
     0.000000000
 2  42202.7236      -0.50 -957656.859      -1.00
  3000.00000      192.464000         0.000000000     0.000000000     0.000000000
 1     0.000000000   0.00
 Al2O3_corundum(alpha)(s4)
  10  2           0.00000    0.00000    2.00000    3.00000
   0   0
 -1675700.00      50.8199853
  2327.01000      155.018882         0.000000000     0.000000000 -3861363.02
     0.000000000
 2 -828.386980      -0.50  409083646.      -3.00
  3000.00000      192.464000         0.000000000     0.000000000     0.000000000
 1     0.000000000   0.00
 SiO2_Quartz(l)(s)
  10  3           0.00000    1.00000    0.00000    2.00000
   0   0
 -910699.942      41.4600016
  373.000000      80.0119918         0.000000000     0.000000000 -3546684.00
     0.000000000
 2 -240.275999      -0.50  491568369.      -3.00
  848.020000      80.0119918     0.844002170E-02 -.452127015E-04 -3546684.00
     0.000000000
 3 0.605504463E-07   3.00 -240.275999      -0.50  491568369.      -3.00
  850.000000     0.418400000E-01     0.000000000     0.000000000     0.000000000
 1     0.000000000   0.00
 SiO2_Quartz(h)(s2)
  10  2           0.00000    1.00000    0.00000    2.00000
   0   0
 -908626.770      44.2068009
  1995.99000      80.0119918         0.000000000     0.000000000 -3546684.00
     0.000000000
 2 -240.275999      -0.50  491568369.      -3.00
  3000.00000      85.7720000         0.000000000     0.000000000     0.000000000
 1     0.000000000   0.00
 SiO2_Tridymite(l)(s3)
  10  2           0.00000    1.00000    0.00000    2.00000
   0   0
 -907605.163      43.7702005
  390.150000      75.3726680     0.182077069     -.123381721E-02 -5958095.08
     0.000000000
 2 0.209019301E-05   3.00  958246123.      -3.00
  392.150000     0.418400000E-01     0.000000000     0.000000000     0.000000000
 1     0.000000000   0.00
 SiO2_Tridymite(h)(s4)
  10  2           0.00000    1.00000    0.00000    2.00000
   0   0
 -907045.134      45.5236982
  1991.28000      75.3726680         0.000000000     0.000000000 -5958095.08
     0.000000000
 1  958246123.      -3.00
  3000.00000      85.7720000         0.000000000     0.000000000     0.000000000
 1     0.000000000   0.00
 SiO2_Cristobalite(l)(s5)
  10  2           0.00000    1.00000    0.00000    2.00000
   0   0
 -907753.360      43.3943016
  535.150000      83.5135981     0.202099961E-01 -.125506189E-03 -2455359.98
     0.000000000
 3 0.194851621E-06   3.00 -374.692999      -0.50  280072194.      -3.00
  537.150000     0.418400000E-01     0.000000000     0.000000000     0.000000000
 1     0.000000000   0.00
 SiO2_Cristobalite(h)(s6)
  10  2           0.00000    1.00000    0.00000    2.00000
   0   0
 -906377.230      46.0287990
  1995.99000      83.5135981         0.000000000     0.000000000 -2455359.98
     0.000000000
 2 -374.692999      -0.50  280072194.      -3.00
  3000.00000      85.7720000         0.000000000     0.000000000     0.000000000
 1     0.000000000   0.00
 SiO2_coesite(s7)
  10  2           0.00000    1.00000    0.00000    2.00000
   0   0
 -906898.736      40.4999987
  3000.00000      78.0000108         0.000000000     0.000000000 -3100000.91
     0.000000000
 2  585800166.      -3.00 -6688.99846      -1.00
  3000.00001      75.4475964         0.000000000     0.000000000     0.000000000
 1     0.000000000   0.00
 SiO2_stishovite(s8)
  10  2           0.00000    1.00000    0.00000    2.00000
   0   0
 -864000.184      29.4999991
  3000.00000      58.1199858     0.700199931E-02     0.000000000 -12588986.6
     0.000000000
 2 0.179279798E+10  -3.00  17010.0102      -1.00
  3000.00001      83.4636108         0.000000000     0.000000000     0.000000000
 1     0.000000000   0.00
 Al2Si2O7_solid(s)
  10  2           0.00000    2.00000    2.00000    7.00000
   0   0
 -3211220.00      136.448608
  1800.00000      229.492400     0.368192000E-01     0.000000000 -1456032.00
     0.000000000
 1     0.000000000   0.00
  1800.00001      295.317567         0.000000000     0.000000000     0.000000000
 1     0.000000000   0.00
 CaO_Lime(s)
  10  2           1.00000    0.00000    0.00000    1.00000
   0   0
 -635089.996      37.7499961
  2845.16000      58.7911706         0.000000000     0.000000000 -1147145.98
     0.000000000
 2 -133.904000      -0.50  102978788.      -3.00
  3500.00000      62.7600000         0.000000000     0.000000000     0.000000000
 1     0.000000000   0.00
 CaAl2O4_solid(s)
  10  2           1.00000    0.00000    2.00000    4.00000
   0   0
 -2324157.82      115.060013
  1877.00000      227.039999         0.000000000     0.000000000 -560800.013
     0.000000000
 2 -1669.09998      -0.50 -85540001.4      -3.00
  1877.00001      188.342215         0.000000000     0.000000000     0.000000000
 1     0.000000000   0.00
 CaAl4O7_solid(s)
  10  2           1.00000    0.00000    4.00000    7.00000
   0   0
 -3999688.88      177.820000
  2038.00000      337.980001         0.000000000     0.000000000 -12112600.1
     0.000000000
 2 -1022.19999      -0.50 0.151060002E+10  -3.00
  2038.00001      312.599191         0.000000000     0.000000000     0.000000000
 1     0.000000000   0.00
 CaAl12O19_solid(s)
  10  2           1.00000    0.00000   12.00000   19.00000
   0   0
 -10704185.8      388.910109
  2106.00000      992.735002         0.000000000     0.000000000 -28147800.2
     0.000000000
 2 -5350.03017      -0.50 0.374701099E+10  -3.00
  2106.00001      870.208946         0.000000000     0.000000000     0.000000000
 1     0.000000000   0.00
 Ca3Al2O6_solid(s)
  10  2           3.00000    0.00000    2.00000    6.00000
   0   0
 -3587266.86      204.179200
  1814.00000      321.580002         0.000000000     0.000000000 -5781300.16
     0.000000000
 2 -1255.40000      -0.50  661219988.      -3.00
  1814.00001      290.458203         0.000000000     0.000000000     0.000000000
 1     0.000000000   0.00
 CaSiO3_Wollastonite(s)
  10  2           1.00000    1.00000    0.00000    3.00000
   0   0
 -1634676.42      79.8142601
  2000.00000      149.072661         0.000000000     0.000000000 -3659347.99
     0.000000000
 2 -690.294981      -0.50  484349421.      -3.00
  2002.00000      146.440000         0.000000000     0.000000000     0.000000000
 1     0.000000000   0.00
 CaSiO3_Ps-wollastonite(s2)
  10  2           1.00000    1.00000    0.00000    3.00000
   0   0
 -1625506.56      86.9364603
  1813.00000      141.156110         0.000000000     0.000000000 -5857594.98
     0.000000000
 2 -417.231999      -0.50  940734953.      -3.00
  1815.00000      146.440000         0.000000000     0.000000000     0.000000000
 1     0.000000000   0.00
 Ca2SiO4_Gamma(olivine)(s)
  10  2           2.00000    1.00000    0.00000    4.00000
   0   0
 -2307513.66      119.659998
  2500.00000      243.660206         0.000000000     0.000000000     0.000000000
     0.000000000
 2  30758136.3      -3.00 -2034.42142      -0.50
  2500.00001      202.973746         0.000000000     0.000000000     0.000000000
 1     0.000000000   0.00
 Ca2SiO4_Alpha-prime(s2)
  10  3           2.00000    1.00000    0.00000    4.00000
   0   0
 -2273629.45      147.788562
  1710.00000      210.488764         0.000000000     0.000000000 -7989399.88
     0.000000000
 2 0.129747995E+10  -3.00 -701.900016      -0.50
  5000.00000      160.488767         0.000000000     0.000000000 -7989399.88
     0.000000000
 2 0.129747995E+10  -3.00 -701.900016      -0.50
  5000.00001      150.253206         0.000000000     0.000000000     0.000000000
 1     0.000000000   0.00
 Ca2SiO4_Alpha(s3)
  10  2           2.00000    1.00000    0.00000    4.00000
   0   0
 -2198760.16      237.622209
  5000.00000      160.488767         0.000000000     0.000000000 -7989399.88
     0.000000000
 2 0.129747995E+10  -3.00 -701.900016      -0.50
  5000.00001      150.253206         0.000000000     0.000000000     0.000000000
 1     0.000000000   0.00
 Ca3SiO5_Hatrurite(s)
  10  2           3.00000    1.00000    0.00000    5.00000
   0   0
 -2850835.00      239.903900
  2500.00000      209.988320         0.000000000     0.000000000     0.000000000
     0.000000000
 1 -504.602910      -0.50
  2500.00001      199.896262         0.000000000     0.000000000     0.000000000
 1     0.000000000   0.00
 Ca3Si2O7_Rankinite(s)
  10  2           3.00000    2.00000    0.00000    7.00000
   0   0
 -3950432.17      205.555502
  5000.00000      392.848756         0.000000000     0.000000000 -10659995.5
     0.000000000
 2 -2200.06583      -0.50 0.137358913E+10  -3.00
  5000.00001      361.319715         0.000000000     0.000000000     0.000000000
 1     0.000000000   0.00
